"ns","nf","entropy","lt","ndev","pd","npt","exp","sexp","bug","bugdensity","churn","churnp"
0,0,0,7.72400465667607,1.6094379124341,0.693147180559945,0.693147180559945,8.12177741916107,8.12177741916107,0,0,2.0000003345,1.0986124001681
0,0.693147180559945,0.688675226260974,5.76205138278018,1.6094379124341,1.09861228866811,0.693147180559945,7.51752085060303,7.51752085060303,0,0,4.499999811,1.70474805787479
0,1.09861228866811,0.625083230527549,7.50273821075485,1.94591014905531,1.79175946922805,0.510825623965991,9.71262966471989,9.71262966471989,0,0,28.99999998,3.40119738099549
0,0,0,6.79122146272619,1.94591014905531,0,0.693147180559945,9.71147923015263,9.71147923015263,0,0,10.4999998915,2.44234702593442
0,1.38629436111989,0.656935222639708,7.7367436824535,1.79175946922805,5.06259503302697,0.693147180559945,9.71226651255514,9.71226651255514,0,0,18.49999858,2.97041439274919
0,0,0,4.90527477843843,1.09861228866811,3.13549421592915,0.693147180559945,8.11252776347864,8.11252776347864,0,0,10.000000044,2.39789527679837
0,2.484906649788,0.601460071351706,6.31264183869356,1.94591014905531,5.56068163101553,0.559615787935423,9.71601274050137,9.71601274050137,1,0.0170940176644021,57.499998048,4.06902672087029
0,0,0,7.04838640872188,1.38629436111989,1.6094379124341,0.693147180559945,9.71057005652877,9.71057005652877,0,0,1.499999625,0.916290581874144
0,0,0,7.04925484125584,1.38629436111989,0,0.693147180559945,9.71050941555364,9.71050941555364,0,0,1.00000031,0.693147335559933
0,0,0,7.04577657687951,1.38629436111989,2.63905732961526,0.693147180559945,9.70947795594698,9.70947795594698,0,0,6.5000002525,2.01490305420893
0,2.484906649788,0.611003480638741,6.18191271565293,1.94591014905531,5.8805329864007,0.510825623965991,9.71044877090097,9.71044877090097,0,0,254.500000167567,5.5432224102996
0,1.09861228866811,0.602168429758482,6.30749109262966,1.38629436111989,5.54517744447956,0.287682072201781,9.70966005555597,9.70966005555597,0,0,11.0000000106695,2.48490665067713
0,0,0,7.41155628781116,1.6094379124341,0.693147180559945,0.693147180559945,5.92157841964382,5.92157841964382,0,0,1.00000013,0.693147245559943
0,0,0,7.41034709782102,1.6094379124341,0,0.693147180559945,5.91889385427315,5.91889385427315,0,0,1.500000306,0.916290854274148
0,0,0,7.40853056689463,1.6094379124341,2.07944154167984,0.693147180559945,5.91620206260743,5.91620206260743,0,0,3.5000000265,1.50407740266516
0,0,0,7.40853056689463,1.6094379124341,4.59511985013459,0.693147180559945,9.71202433782489,9.71202433782489,0,0,1.499999658,0.916290595074146
0,0,0,6.71417052990947,1.94591014905531,0,0.693147180559945,9.7107519573933,9.7107519573933,0,0,1.000000141,0.693147251059943
0,0,0,6.71417052990947,1.94591014905531,3.43398720448515,0.693147180559945,9.71069132744815,9.71069132744815,0,0,7.000000164,2.07944156217984
0,0,0,5.73657229747919,1.94591014905531,2.07944154167984,0.693147180559945,9.71196378497737,9.71196378497737,0,0,1.500000021,0.916290740274155
0,0,0,4.49980967033027,1.09861228866811,0,0.693147180559945,8.12207437536222,8.12207437536222,0,0,0.999999995,0.693147178059945
0,0,0,4.48863636973214,1.38629436111989,0,0.693147180559945,9.71438304344534,9.71438304344534,0,0,1.499999996,0.916290730274155
0,0,0,4.48863636973214,1.38629436111989,3.36729582998647,0.693147180559945,9.71432263326017,9.71432263326017,0,0,4.999999972,1.79175946456139
0,2.63905732961526,0.424300372888822,6.25080225810265,1.79175946922805,6.82328612235569,0.405465108108164,9.71522840307542,9.71522840307542,0,0,117.499998073512,4.7749129443179
0,4.82028156560504,0.569228200880397,5.13180565650044,1.94591014905531,9.1266326229027,0.242313467118132,9.72346335479086,9.72346335479086,1,0.000381533765377107,2620.00000248105,7.87131120427001
0,0.693147180559945,0.594032741930412,6.61204103483309,1.79175946922805,4.85203026391962,0.693147180559945,5.99146454710798,5.99146454710798,0,0,20.000000443,3.04452245881866
0,0.693147180559945,0.693147180559945,7.93290041576837,1.6094379124341,0,0.405465108108164,9.72525761364543,9.72525761364543,0,0,2.0000020155,1.09861296050122
0,3.29583686600433,0.117566580231598,6.68595341982134,1.79175946922805,6.18001665365257,0.417735201017052,9.72513809649457,9.72513809649457,0,0,1200.00000006289,7.09090982213234
0,0,0,8.60593640125063,1.6094379124341,0,0.693147180559945,9.7152887585693,9.7152887585693,0,0,2.0000015685,1.09861281150131
0,0,0,8.61504559158374,1.6094379124341,0.693147180559945,0.693147180559945,5.92425579741453,5.92425579741453,0,0,9.000000065,2.30258509949405
0,0,0,8.6152269316876,1.6094379124341,0.693147180559945,0.693147180559945,9.71232704707497,9.71232704707497,0,0,10.000000167,2.39789528798019
0,1.09861228866811,0.552199716731847,7.5399131880928,1.6094379124341,0,0.510825623965991,8.11342663994365,8.11342663994365,0,0,150.000000540586,5.01727984039497
0,0,0,8.60922527686273,1.6094379124341,0,0.693147180559945,9.71153981234754,9.71153981234754,0,0,309.000002094,5.73657230423403
0,0,0,8.60886037994206,1.6094379124341,1.09861228866811,0.693147180559945,5.90263333340137,5.90263333340137,0,0,3.4999988975,1.50407715177624
0,0.693147180559945,0.129723721511951,8.24787480298141,1.79175946922805,3.55534806148941,0.693147180559945,9.70941724870763,9.70941724870763,0,0,77.0000028595,4.35670886334985
0,2.56494935746154,0.291980529583778,7.08680224933197,1.94591014905531,5.8664680569333,0.526093095714961,5.89715386763674,5.89715386763674,1,0.00072046109153867,1387.00000686272,7.23561914601108
0,0.693147180559945,0.693113182482017,7.72951552701006,1.6094379124341,2.70805020110221,0.405465108108164,9.71244810512245,9.71244810512245,1,0.00961538449708765,103.0000012795,4.64439091144426
0,0.693147180559945,0.690157822377731,7.72068349786114,1.6094379124341,1.09861228866811,0.693147180559945,9.71111565988867,9.71111565988867,1,0.0833333296111113,11.000000536,2.48490669445467
0,1.09861228866811,0.139054699294242,7.53973602412742,1.6094379124341,2.56494935746154,0.510825623965991,5.91350300563827,5.91350300563827,0,0,621.500001030824,6.43374362999481
0,0,0,7.11395610956603,1.38629436111989,1.79175946922805,0.693147180559945,5.90536184805457,5.90536184805457,0,0,1.500000158,0.916290795074153
0,0,0,7.11314210870709,1.38629436111989,0,0.693147180559945,7.4713630881871,7.4713630881871,0,0,2.000000184,1.09861235000144
0,0.693147180559945,0.488119309937467,6.48539830320375,1.09861228866811,1.09861228866811,0.405465108108164,9.71087320625674,9.71087320625674,0,0,19.000000173,2.99573228220399
0,0,0,7.76004068088038,1.6094379124341,2.30258509299405,0.693147180559945,8.10621290261996,8.10621290261996,1,0.0194174753752474,50.500000936,3.94158182584445
0,2.89037175789616,0.485736527471342,6.1987045265644,1.79175946922805,6.59987049921284,0.441832752564753,9.70905292785837,9.70905292785837,1,0.0039761431513609,250.499999354333,5.52744298697253
0,0.693147180559945,0.214049938261524,4.7361984483945,1.09861228866811,0,0.405465108108164,8.12118324207883,8.12118324207883,0,0,25.500000021,3.27714473378463
0,0,0,3.87120101090789,0.693147180559945,0,0.693147180559945,8.11102783819368,8.11102783819368,0,0,0.500000006,0.405465112108164
0,0,0,3.87120101090789,0.693147180559945,0,0.693147180559945,8.11072758297449,8.11072758297449,0,0,8.9999999905,2.30258509204405
0,0,0,7.66996199547358,0.693147180559945,0,0.693147180559945,8.12058871174027,8.12058871174027,0,0,1.000000197,0.693147279059941
0,0.693147180559945,0.512298936108158,7.18425000579334,1.09861228866811,1.38629436111989,0.693147180559945,8.12029131396856,8.12029131396856,1,0.00193050193134979,516.9999997725,6.24997524182029
0,0.693147180559945,0.56769988453828,7.38087903556412,1.09861228866811,0,0.405465108108164,8.11880299698004,8.11880299698004,0,0,4.499999544,1.70474800932933
0,1.09861228866811,0.194354023776991,7.13435950165958,1.09861228866811,3.29583686600433,0.693147180559945,8.11701408773731,8.11701408773731,0,0,285.999998843936,5.65948221173152
0,0.693147180559945,0.67050161843138,7.04490511712937,0.693147180559945,2.19722457733622,0.693147180559945,8.11432470915534,8.11432470915534,0,0,58.49999952,4.08597630448436
0,1.09861228866811,0.598533362839255,7.03409420131893,1.09861228866811,1.38629436111989,0.510825623965991,8.11969625295725,8.11969625295725,0,0,8.00000055185225,2.19722463865313
0,1.38629436111989,0.569224175184025,6.5792512120101,1.09861228866811,3.52636052461616,0.559615787935423,8.11552088154677,8.11552088154677,0,0,57.500000296,4.06902675929764
0,1.09861228866811,0.597472676447579,7.13435950165958,1.09861228866811,0,0.287682072201781,8.11820704940578,8.11820704940578,0,0,13.0000007165426,2.63905738079687
0,0,0,7.60688453121963,1.09861228866811,0,0.693147180559945,9.709113657218,9.709113657218,0,0,283.999999992,5.65248918024058
0,0,0,6.32076829425058,1.09861228866811,0,0.693147180559945,8.11611843160937,8.11611843160937,0,0,7.4999999925,2.14006616261392
0,0,0,6.30627528694802,1.09861228866811,0,0.693147180559945,8.11581970121133,8.11581970121133,0,0,19.000000146,2.99573228085399
0,0,0,2.30258509299405,0.693147180559945,2.39789527279837,0.693147180559945,8.12148037475075,8.12148037475075,0,0,13.5,2.67414864942653
0,0,0,2.07944154167984,0.693147180559945,0,0.693147180559945,8.11042723757502,8.11042723757502,0,0,2.499999999,1.25276296820965
0,0,0,2.07944154167984,0.693147180559945,0,0.693147180559945,8.1101268019411,8.1101268019411,0,0,14,2.70805020110221
0,0,0,2.07944154167984,0.693147180559945,0,0.693147180559945,8.10982627601848,8.10982627601848,0,0,0,0
0,0,0,1.38629436111989,1.09861228866811,0,0.693147180559945,8.11222795834972,8.11222795834972,0,0,1.0000000005,0.693147180809945
0,0,0,1.38629436111989,1.09861228866811,0,0.693147180559945,9.71160039087247,9.71160039087247,0,0,0.4999999995,0.405465107774831
0,1.09861228866811,0.649248004285178,4.10539439846363,1.09861228866811,0,0.510825623965991,8.11192806331074,8.11192806331074,0,0,6.99999995539106,2.07944153610372
0,0,0,3.43398720448515,1.38629436111989,0,0.693147180559945,7.50218648660292,7.50218648660292,0,0,19.5,3.02042488614436
0,0.693147180559945,0.693147180559945,3.48124008933569,1.6094379124341,3.25809653802148,0.693147180559945,7.50328963067508,7.50328963067508,0,0,1.000000008,0.693147184559945
0,2.07944154167984,0.638268741952952,5.81859814908478,1.94591014905531,1.38629436111989,0.318453731118535,7.57044325205737,7.57044325205737,0,0,43.499999994,3.79548918903736
0,2.83321334405622,0.558203756631138,5.68517912781565,1.94591014905531,6.42162226780652,0.534082485964741,7.54115245513631,7.54115245513631,1,0.00181323662856417,550.499999639794,6.31264183804042
0,2.83321334405622,0.613637878683572,6.01227589268265,1.94591014905531,4.38202663467388,0.344840486375063,7.56423847517049,7.56423847517049,1,0.00327868850148228,304.000002149611,5.72031178365532
0,0,0,3.36729582998647,1.6094379124341,0,0.693147180559945,7.49942329059223,7.49942329059223,0,0,0.500000004,0.405465110774831
0,0,0,6.79794041297493,1.94591014905531,1.6094379124341,0.693147180559945,9.72531736686465,9.72531736686465,0,0,2.49999992,1.25276294563822
0,0,0,6.7990558620588,1.94591014905531,0,0.693147180559945,9.72352321531585,9.72352321531585,0,0,0.999999616,0.693146988559927
0,0,0,6.78897174299217,1.94591014905531,0,0.693147180559945,7.49108759353488,7.49108759353488,0,0,1.4999999345,0.916290705674155
0,0,0,6.77650699237218,1.94591014905531,0,0.693147180559945,9.70929582317169,9.70929582317169,0,0,3.99999996,1.6094379044341
0,0.693147180559945,0.279718163797526,6.39859493453521,1.94591014905531,2.484906649788,0.693147180559945,9.70923510487421,9.70923510487421,0,0,8.4999996,2.25129175650123
0,0,0,4.62497281328427,1.38629436111989,1.6094379124341,0.693147180559945,8.11372608597075,8.11372608597075,0,0,0.99999999,0.693147175559945
0,2.39789527279837,0.0544210902302167,6.68324716069475,1.6094379124341,5.03043792139244,0.492476484875572,8.10982627601848,8.10982627601848,1,0.0008120178628468,1230.50000234498,7.11598821946476
0,0,0,1.79175946922805,0.693147180559945,2.63905732961526,0.693147180559945,7.57301725605255,7.57301725605255,0,0,5,1.79175946922805
0,0,0,4.15888308335967,1.38629436111989,0,0.693147180559945,7.57353126274595,7.57353126274595,0,0,0.500000004,0.405465110774831
0,2.19722457733622,0.484334095241158,5.27185930769911,1.79175946922805,5.41610040220442,0.510825623965991,7.50933526601659,7.50933526601659,1,0.00662251657939556,149.999999473202,5.01727983332619
0,1.09861228866811,0.685647539422142,5.60947179518496,1.6094379124341,1.79175946922805,0.693147180559945,7.55538194424027,7.55538194424027,0,0,7.999999944,2.197224571114
0,0.693147180559945,0.670100638988516,4.50534985070588,1.38629436111989,4.51085950651685,0.693147180559945,7.55328660560042,7.55328660560042,1,0.20000000154,3.9999999615,1.6094379047341
0,0,0,2.83321334405622,1.38629436111989,0,0.693147180559945,7.5522372875608,7.5522372875608,1,0.285714285714286,2.5,1.25276296849537
0,0.693147180559945,0.690157822377731,3.48124008933569,1.38629436111989,4.75359019110636,0.693147180559945,7.55171221535131,7.55171221535131,0,0,5.5000000125,1.87180217882467
0,0.693147180559945,0.64171901339326,5.99146454710798,1.79175946922805,4.61512051684126,0.693147180559945,7.50052948539529,7.50052948539529,1,0.0952380945487528,9.500000076,2.35137526440157
0,0,0,5.79605775076537,1.6094379124341,4.43081679884331,0.693147180559945,9.70795916825489,9.70795916825489,0,0,8.999999872,2.30258508019405
0,0,0,6.3261494731551,1.6094379124341,0,0.693147180559945,7.57609734062311,7.57609734062311,0,0,14.499999954,2.74084002095746
0,0.693147180559945,0.56769988453828,6.01859321449623,1.6094379124341,2.19722457733622,0.405465108108164,7.57558465155779,7.57558465155779,0,0,4.5000001,1.70474811042024
0,0,0,6.40687998606931,1.6094379124341,0,0.693147180559945,7.51643330291563,7.51643330291563,0,0,1.000000265,0.693147313059936
0,0.693147180559945,0.185571167750986,6.55322089954252,1.79175946922805,0.693147180559945,0.693147180559945,7.51534457118044,7.51534457118044,0,0,47.0000005665,3.87120102270997
0,0.693147180559945,0.514196825075853,6.54750251369552,1.79175946922805,0,0.405465108108164,7.51043055637801,7.51043055637801,0,0,8.499999634,2.25129176008018
0,0,0,6.4377516497364,1.6094379124341,0,0.693147180559945,7.50439155916124,7.50439155916124,0,0,0.499999968,0.405465086774831
0,0,0,6.43615036836943,1.6094379124341,0,0.693147180559945,9.71190322846299,9.71190322846299,0,0,0.499999864,0.405465017441494
0,0,0,6.4377516497364,1.6094379124341,1.38629436111989,0.693147180559945,9.71184266828129,9.71184266828129,0,0,5.49999996,1.87180217074775
0,0,0,3.49650756146648,0.693147180559945,0,0.693147180559945,7.49052940206071,7.49052940206071,0,0,1.5,0.916290731874155
0,0.693147180559945,0,3.15700042115011,0.693147180559945,0,0.405465108108164,7.4899708988348,7.4899708988348,0,0,0,0
0,1.6094379124341,0.524307128915861,6.7428806357919,1.94591014905531,4.26267987704132,0.587786664902119,9.71141864428729,9.71141864428729,0,0,40.0000006175,3.71357208176528
0,0,0,6.68336094576627,1.79175946922805,0,0.693147180559945,7.51588908521513,7.51588908521513,0,0,1.499999802,0.916290652674152
0,0,0,7.12849594568004,1.94591014905531,0,0.693147180559945,9.71099444042068,9.71099444042068,0,0,0.499999864,0.405465017441494
0,0,0,7.12849594568004,1.94591014905531,0.693147180559945,0.693147180559945,9.71093382517592,9.71093382517592,0,0,4.000000158,1.6094379440341
0,0,0,7.09174211509515,1.94591014905531,2.70805020110221,0.693147180559945,9.70972074805743,9.70972074805743,0,0,0.999999439,0.693146900059906
0,0.693147180559945,0.451938287919005,4.89034912822175,1.6094379124341,1.94591014905531,0.693147180559945,7.50163445788341,7.50163445788341,0,0,18.49999998,2.97041446454406
0,0,0,5.11198778835654,1.38629436111989,0,0.693147180559945,7.55381085200823,7.55381085200823,0,0,7.5000000075,2.14006616437862
0,0.693147180559945,0.656237620393933,4.57471097850338,1.38629436111989,2.56494935746154,0.405465108108164,7.51425465281641,7.51425465281641,0,0,17.499999936,2.91777072862482
0,3.43398720448515,0.510628554349089,5.40005843650783,1.94591014905531,7.00215595440362,0.27958486209721,7.4899708988348,7.4899708988348,1,0.000982800981719193,1016.50000111998,6.92510391841747
0,3.29583686600433,0.566924441966036,5.28339171614339,1.94591014905531,6.81783057145415,0.341749293432583,7.53208814354172,7.53208814354172,1,0.00523560209985736,189.999999795104,5.25227342697387
0,2.94443897916644,0.614654842026177,5.74737956256044,1.94591014905531,6.5510803350434,0.351397887134185,7.47022413589997,7.47022413589997,1,0.00158227847889539,631.000000845687,6.44888939548497
0,0.693147180559945,0.69207299232629,5.18178355029209,1.6094379124341,2.19722457733622,0.405465108108164,7.57455848420248,7.57455848420248,0,0,27.499999887,3.34990408330969
0,2.70805020110221,0.618578323368875,6.07549927612767,1.94591014905531,6.15060276844628,0.427444014609548,7.54908271081229,7.54908271081229,0,0,142.999999162981,4.96981329376337
0,0,0,4.80402104473326,1.38629436111989,0,0.693147180559945,9.71063069382679,9.71063069382679,0,0,2.499999997,1.25276296763823
0,0,0,4.79579054559674,1.38629436111989,4.15888308335967,0.693147180559945,7.47079377419506,7.47079377419506,0,0,0.99999996,0.693147160559945
0,2.63905732961526,0.430737538262896,5.02058562494942,1.94591014905531,0,0.305381649445919,7.49886973397693,7.49886973397693,1,0.00568181817537771,175.0000001995,5.17048399617167
0,1.38629436111989,0.450113427302508,5.0288025980517,1.94591014905531,5.27811465923052,0.693147180559945,7.57250298502038,7.57250298502038,0,0,73.0000000405,4.30406509375147
0,1.38629436111989,0.531274566860993,5.90876205534274,1.94591014905531,1.09861228866811,0.405465108108164,7.56631101477246,7.56631101477246,1,0.0196078429680892,50.00000044,3.93182564135178
0,1.09861228866811,0.625893258723255,5.87023808957976,1.6094379124341,0,0.287682072201781,7.55066124310534,7.55066124310534,0,0,7.00000043933962,2.07944159659729
0,0,0,7.72134861261795,1.38629436111989,3.04452243772342,0.693147180559945,5.89989735358249,5.89989735358249,0,0,3.000000135,1.38629439486989
0,1.09861228866811,0.6452751065917,5.62281341224302,1.6094379124341,2.39789527279837,0.693147180559945,7.51316354523408,7.51316354523408,0,0,21.9999999681602,3.13549421454481
0,0.693147180559945,0.543444648455424,5.75415868198127,1.79175946922805,1.09861228866811,0.693147180559945,7.51152464839087,7.51152464839087,0,0,2.4999998125,1.25276291492394
0,0,0,3.43398720448515,1.38629436111989,0,0.693147180559945,7.50384074669895,7.50384074669895,0,0,0.99999999,0.693147175559945
0,1.6094379124341,0.621303704958978,3.26575941076705,1.38629436111989,6.11146733950268,0.336472236621213,9.71293219081507,9.71293219081507,0,0,5.999999985,1.94591014691246
0,2.07944154167984,0.60747674065764,4.27666611901606,1.6094379124341,6.71417052990947,0.22314355131421,6.01859321449623,6.01859321449623,0,0,13.000000032,2.63905733190097
0,1.38629436111989,0.641009222175757,5.23511129064424,1.6094379124341,4.34380542185368,0.405465108108164,6.0282785202307,6.0282785202307,0,0,7.4999998935,2.14006615096686
0,0,0,4.07753744390572,1.38629436111989,4.51085950651685,0.693147180559945,5.94803498918065,5.94803498918065,0,0,17.999999995,2.94443897890328
0,2.63905732961526,0.646691371387583,5.41164605185504,1.6094379124341,6.91373735065968,0.356674944238732,5.98393628068719,5.98393628068719,0,0,207.999999998,5.34233425195524
0,3.09104245335832,0.478300613257124,6.72169948583822,1.94591014905531,6.88959130835447,0.572519192925177,9.71426221942538,9.71426221942538,1,0.00520833344561854,190.999995860718,5.25749535046902
0,0,0,5.50938833662798,1.6094379124341,0,0.693147180559945,5.99893656194668,5.99893656194668,0,0,1.000000086,0.693147223559944
0,0,0,5.50938833662798,1.6094379124341,0.693147180559945,0.693147180559945,5.99645208861902,5.99645208861902,0,0,30.99999996,3.46573590154973
0,0,0,5.50125821054473,1.6094379124341,0.693147180559945,0.693147180559945,5.99396142730657,5.99396142730657,0,0,29.999999958,3.43398720313031
0,0,0,5.50533153593236,1.6094379124341,0,0.693147180559945,5.98645200528444,5.98645200528444,0,0,1.000000085,0.693147223059944
0,0,0,5.50533153593236,1.6094379124341,1.09861228866811,0.693147180559945,8.11731246160197,8.11731246160197,0,0,3.00000001,1.38629436361989
0,0,0,5.50125821054473,1.6094379124341,0,0.693147180559945,9.71178210443183,9.71178210443183,0,0,1.999999924,1.09861226333478
0,0,0,5.50125821054473,1.6094379124341,0,0.693147180559945,9.71172153691417,9.71172153691417,0,0,1.000000084,0.693147222559944
0,0,0,5.50125821054473,1.6094379124341,3.52636052461616,0.693147180559945,9.71166096572787,9.71166096572787,0,0,0.500000042,0.405465136108164
0,0,0,6.77650699237218,1.79175946922805,2.07944154167984,0.693147180559945,5.53733426701854,4.94875989037817,0,0,9.000000348,2.30258512779405
0,0.693147180559945,0.549315314017897,6.40274604053759,1.79175946922805,2.99573227355399,0.693147180559945,7.56216163122565,7.35627987655075,1,0.025000000171875,38.999999725,3.68887944723894
0,0,0,5.81413053182507,1.09861228866811,1.6094379124341,0.693147180559945,5.50125821054473,4.89034912822175,0,0,1.000000008,0.693147184559945
0,0,0,6.4393503711001,1.94591014905531,1.6094379124341,0.693147180559945,5.54907608489522,4.969813299576,0,0,1.5,0.916290731874155
0.693147180559945,1.6094379124341,0.621303704958978,5.87605369559665,1.94591014905531,0,0.587786664902119,7.90137735379262,7.23273313617761,1,0.111111102592593,8.00000069,2.19722465400288
0,0,0,6.4393503711001,1.94591014905531,1.94591014905531,0.693147180559945,5.54126354515843,4.95582705760126,0,0,25.5,3.27714473299218
0,0,0,6.4085287910595,1.94591014905531,2.07944154167984,0.693147180559945,7.89692465626886,7.14124512235049,0,0,4.99999995,1.79175946089472
0,0,0,3.29583686600433,1.6094379124341,4.54329478227,0.693147180559945,7.8995244720322,7.1420365747068,0,0,1.999999989,1.09861228500144
0,0,0,4.89034912822175,1.79175946922805,2.89037175789616,0.693147180559945,5.4971682252932,4.88280192258637,0,0,2.500000008,1.25276297078108
0,0.693147180559945,0.607938219333574,6.01737592889248,1.94591014905531,2.19722457733622,0.693147180559945,5.55682806169954,4.98360662170834,1,0.117647060608997,7.499999871,2.1400661483198
0,0,0,2.07944154167984,0.693147180559945,0,0.693147180559945,5.51745289646471,4.91265488573605,0,0,0,0
0,0,0,4.70048036579242,1.94591014905531,0.693147180559945,0.693147180559945,8.12118324207883,7.41938058291869,0,0,10.499999975,2.44234703319529
0,0,0,4.97673374242057,1.09861228866811,1.79175946922805,0.693147180559945,5.56068163101553,4.99043258677874,1,0.037037037048011,25.999999992,3.29583686570803
0.693147180559945,1.79175946922805,0.646388091635025,4.38202663467388,1.94591014905531,6.11809719804135,0.405465108108164,5.93224518744801,5.76519110278484,1,0.00826446280868793,120.000000018,4.7957905457455
0.693147180559945,2.30258509299405,0.256412165046925,2.16332302566054,1.79175946922805,4.34380542185368,0.405465108108164,6.0330862217988,5.88332238848828,0,0,2.5000000025,1.25276296920965
0,0,0,4.18965474202643,0.693147180559945,0,0.693147180559945,5.98141421125448,4.45434729625351,0,0,0,0
0,0,0,6.15485809401642,1.79175946922805,1.09861228866811,0.693147180559945,8.12355783506165,7.42297125104942,0,0,4.49999996,1.7047480849657
0,0.693147180559945,0.428493702190604,6.51619307604296,1.79175946922805,2.19722457733622,0.693147180559945,8.12266802334641,7.42237370098682,0,0,41.000000175,3.73766962245003
0,0.693147180559945,0.48204471539654,6.51840955275386,1.79175946922805,2.39789527279837,0.693147180559945,8.12177741916107,7.4205789054108,0,0,6.500000067,2.0149030294756
0,1.38629436111989,0.658113595099873,5.80060665929174,1.94591014905531,5.2257466737132,0.559615787935423,5.53338948872752,4.9416424226093,1,0.0434782608979206,21.999999985,3.13549421527698
0,0,0,6.78332520060396,1.79175946922805,2.07944154167984,0.693147180559945,8.12207437536222,7.42117752859539,0,0,2.999999961,1.38629435136989
0,0,0,6.78105762593618,1.79175946922805,0.693147180559945,0.693147180559945,5.56452040732269,4.99721227376411,1,0.3999999936,1.50000004,0.916290747874155
0,0,0,6.78219205600679,1.79175946922805,3.63758615972639,0.693147180559945,5.54517744447956,4.96284463025991,1,0.117647063072665,7.499999693,2.14006612737862
0,0.693147180559945,0,0,1.6094379124341,5.17614973257383,0.405465108108164,7.89766815072691,7.18083119904456,0,0,0,0
0,0,0,5.81413053182507,0.693147180559945,0,0.693147180559945,8.12444685571585,6.96034772910131,1,1,0,0
0,0.693147180559945,0,3.19867311755068,0.693147180559945,0,0.405465108108164,7.8984110928116,7.18235211188526,0,0,0,0
0,0,0,3.8286413964891,0.693147180559945,0,0.693147180559945,6.05208916892442,5.63835466933375,0,0,0,0
0,0,0,3.8286413964891,1.09861228866811,0,0.693147180559945,7.8935720735049,7.1777824161952,0,0,1.99999998,1.09861228200144
0,1.79175946922805,0,3.85721476886273,0.693147180559945,0,0.154150680112972,5.94803498918065,5.48893772615669,0,0,0,0
0,0,0,2.19722457733622,0.693147180559945,0,0.693147180559945,6.05208916892442,5.63835466933375,0,0,0,0
0,0,0,5.85507192220243,1.79175946922805,4.26267987704132,0.693147180559945,7.89655270164304,7.17930796950403,0,0,0.999999924,0.693147142559945
0,0,0,5.84643877505772,1.6094379124341,0,0.693147180559945,8.12946976478423,6.97634807044775,0,0,1.49999997,0.916290719874155
0,0,0,5.84354441703136,1.6094379124341,4.53259949315326,0.693147180559945,8.11731246160197,6.95749737087695,0,0,6.499999884,2.0149030050756
0,0,0,5.84354441703136,1.6094379124341,4.93447393313069,0.693147180559945,8.11701408773731,6.95654544315157,0,0,6.499999884,2.0149030050756
0,0,0,3.3322045101752,0.693147180559945,0,0.693147180559945,6.05208916892442,5.63835466933375,0,0,0,0
0,0,0,3.3322045101752,0.693147180559945,0,0.693147180559945,6.00881318544259,5.57594910314632,0,0,0,0
0.693147180559945,1.09861228866811,0.469401901994199,5.96443587463445,1.94591014905531,1.79175946922805,0.693147180559945,5.51342874616498,5.50938833662798,1,0.0256410258354779,37.9999997042382,3.66356163854601
0.693147180559945,1.94591014905531,0.636633749673765,5.2485267021201,2.07944154167984,5.46806014113513,0.53899650056602,5.97888576490112,5.82008293035236,0,0,40.5000003530566,3.72569343574404
0,0,0,4.8283137373023,0.693147180559945,0,0.693147180559945,6.05208916892442,5.63835466933375,1,1,0,0
0,0,0,3.3322045101752,0.693147180559945,0,0.693147180559945,6.05208916892442,5.63835466933375,0,0,0,0
0,0,0,3.63758615972639,0.693147180559945,0,0.693147180559945,6.05208916892442,5.63835466933375,0,0,0,0
0,2.07944154167984,0.490201019299118,5.04423124352477,1.94591014905531,2.99573227355399,0.405465108108164,6.00388706710654,5.5683445037611,0,0,89.000000343,4.49980967414138
0,0,0,3.55534806148941,0.693147180559945,0,0.693147180559945,6.05208916892442,5.63835466933375,0,0,0,0
0,0,0,4.8283137373023,0.693147180559945,1.09861228866811,0.693147180559945,5.96100533962327,5.50938833662798,0,0,4.999999982,1.79175946622806
0,1.38629436111989,0.68136620356616,4.0561233494019,0.693147180559945,1.6094379124341,0.22314355131421,5.95842469302978,5.50533153593236,0,0,11.500000011,2.52572864518826
0,0,0,3.71357206670431,0.693147180559945,0,0.693147180559945,6.05208916892442,5.63835466933375,0,0,0,0
0,0,0,3.71357206670431,0.693147180559945,0.693147180559945,0.693147180559945,6.00635315960173,5.57215403217776,0,0,2.5,1.25276296849537
0,0,0,3.71357206670431,0.693147180559945,0,0.693147180559945,5.98393628068719,5.53733426701854,0,0,0,0
0,0,0,6.20455776256869,1.79175946922805,3.97029191355212,0.693147180559945,7.89319886954461,7.1770187659099,0,0,3.49999988,1.50407737010961
0,0.693147180559945,0,4.62986279857846,0.693147180559945,0,0.405465108108164,8.12917499691179,6.97541392745595,1,1,0,0
0,0.693147180559945,0.330197997541212,5.6970934865054,0.693147180559945,0,0.693147180559945,8.12681372072611,6.96790920180188,0,0,45.499999941,3.83945231132449
0,0.693147180559945,0,4.76643833358421,0.693147180559945,0,0.405465108108164,8.12444685571585,6.96034772910131,1,1,0,0
0,1.79175946922805,0.318900876952116,5.12594614040923,2.07944154167984,5.42934562895444,0.693147180559945,8.12917499691179,6.97541392745595,1,0.166666657805445,5.00000031900398,1.79175952239538
0,1.79175946922805,0.200733865921401,3.75341797532963,1.94591014905531,6.26339826259162,0.405465108108164,8.12622252945853,6.96602418710611,0,0,11.00000000088,2.48490664986133
0,0.693147180559945,0.685733837510021,6.17690623123818,1.94591014905531,4.62497281328427,0.693147180559945,7.8991534833431,7.18387071506245,1,0.222222224222222,3.4999999595,1.50407738777627
0,0,0,6.50128967054039,1.94591014905531,2.07944154167984,0.693147180559945,6.93537044601511,6.44094654063292,0,0,1.499999935,0.916290705874155
0,0,0,6.33682573114644,1.6094379124341,2.19722457733622,0.693147180559945,6.93634273583405,6.4425401664682,0,0,2.000000118,1.09861232800144
0,2.07944154167984,0.651466765618951,5.3729609095438,1.94591014905531,5.24702407216049,0.405465108108164,8.11969625295725,6.46614472423762,1,0.05000000031,18.999999876,2.99573226735399
0.693147180559945,1.79175946922805,0.676576653575661,5.4064241077243,1.79175946922805,6.11146733950268,0.405465108108164,7.89580837708318,7.26192709270275,1,0.11111111781731,7.9999994567979,2.19722451698043
0,0.693147180559945,0.441332875004067,4.95229971708329,1.79175946922805,3.36729582998647,0.405465108108164,8.12326131912175,6.47543271670409,0,0,15.5000000425,2.80336038348229
0,0,0,5.41610040220442,1.79175946922805,4.39444915467244,0.693147180559945,7.89618060861549,4.75359019110636,1,0.19999999872,4.000000032,1.6094379188341
0,0,0,3.36729582998647,1.09861228866811,4.36944785246702,0.693147180559945,8.11999382772511,6.46769872610435,0,0,5.999999992,1.94591014791246
0,1.09861228866811,0.690887190204494,4.7930319234339,1.6094379124341,5.4249500174814,0.510825623965991,8.12088602109284,6.4723462945009,0,0,50.0000000079276,3.93182563287977
0,2.89037175789616,0.600666438369065,4.85549647155008,2.19722457733622,6.40687998606931,0.287682072201781,7.9359451033537,7.92804560087478,1,0.00431034481481417,231.000000687442,5.44673737462942
0,2.56494935746154,0.548251209333751,3.88235650511137,0.693147180559945,5.14166355650266,0.143100843774007,8.27231514795602,8.27180403115471,0,0,131.499999991256,4.88658264536028
0,2.07944154167984,0.623269658956872,5.28889814463154,2.30258509299405,6.07764224334903,0.628608659422374,7.8770178956224,7.86863689418417,0,0,93.4999996185,4.54859983046266
0,0,0,6.37331978957701,2.07944154167984,1.09861228866811,0.693147180559945,7.9002660367677,7.89207842124812,0,0,7.00000002,2.07944154417984
0,0,0,6.37331978957701,2.07944154167984,2.07944154167984,0.693147180559945,7.89245204352035,7.88419993367604,0,0,11.4999999075,2.52572863690826
0,0,0,6.26149168432104,1.38629436111989,3.89182029811063,0.693147180559945,7.91971976092457,7.91169052070834,0,0,0.500000029,0.405465127441497
0,1.38629436111989,0.622080662338666,5.65161160232729,1.79175946922805,4.85981240436167,0.559615787935423,8.26255897301066,8.26204284396694,1,0.0168067227596921,58.49999975,4.0859763083499
0,0.693147180559945,0.63836734524614,6.54678541076052,1.94591014905531,1.09861228866811,0.405465108108164,7.90948949267376,7.90137735379262,0,0,108.000000144,4.69134788355024
0,0.693147180559945,0.405819194078994,6.5645604966001,1.94591014905531,2.19722457733622,0.405465108108164,7.89319886954461,7.88495294575981,0,0,122.499999999,4.81624115605993
0,0.693147180559945,0.651437205443258,4.96633503519968,1.94591014905531,5.03043792139244,0.693147180559945,8.51016857647927,8.50613224405681,0,0,4.4999999475,1.70474808269297
0,1.38629436111989,0.582236907335581,6.07821547351664,2.07944154167984,4.70953020131233,0.405465108108164,7.92117272158701,7.91315518592807,0,0,30.5000001175,3.44998754956175
0,1.09861228866811,0.59215325633907,6.11662768998846,1.94591014905531,4.56434819146784,0.510825623965991,7.89133075766189,7.88306935130575,0,0,59.9999999340785,4.11087386309263
0,0,0,7.00215595440362,1.6094379124341,3.97029191355212,0.693147180559945,7.88004820097158,7.87169266432365,0,0,2.499999966,1.25276295878108
0,0,0,5.07517381523383,1.09861228866811,4.43081679884331,0.693147180559945,7.93773177526011,7.9298464297425,0,0,0.499999986,0.405465098774831
0,1.38629436111989,0.397698411249982,5.536349530356,2.30258509299405,5.37063802812766,0.693147180559945,8.27333659850449,8.2728260036504,1,0.0312500001855469,30.99999981,3.46573589686223
0,0,0,4.29045944114839,1.09861228866811,0,0.693147180559945,8.29554851622576,8.29504914043511,0,0,6.999999984,2.07944153967984
0,0,0,3.93182563272433,0.693147180559945,1.38629436111989,0.693147180559945,7.9251575122247,7.91717198884578,0,0,12.5,2.60268968544438
0,0,0,3.52636052461616,0.693147180559945,0,0.693147180559945,7.91388671485608,7.90581031265893,0,0,0,0
0,0,0,5.51342874616498,0.693147180559945,3.76120011569356,0.693147180559945,7.9098566672694,7.90174751852014,0,0,9.000000009,2.30258509389405
0,1.38629436111989,0.582514630451801,6.12139571670001,1.94591014905531,4.27666611901606,0.693147180559945,7.89020821310996,7.88193748927207,0,0,436.000000185,6.07993319551893
0,1.09861228866811,0.42545793496232,4.60517018598809,2.07944154167984,5.76205138278018,0.693147180559945,7.87929148508227,7.87092959675514,0,0,22.999999869,3.17805382488961
0,0,0,4.14313472639153,1.6094379124341,0.693147180559945,0.693147180559945,7.88870952418201,7.8804263442924,0,0,3.500000006,1.50407739810961
0,0.693147180559945,0.622252807185043,5.76988227636072,2.19722457733622,4.61512051684126,0.693147180559945,7.88382321489215,7.87549929244521,0,0,28.0000000935,3.36729583321061
0,0,0,5.53733426701854,2.07944154167984,4.60517018598809,0.693147180559945,7.8935720735049,7.88532923927319,0,0,6.4999999735,2.01490301700893
0,1.38629436111989,0.587607742785401,4.61759270598665,1.6094379124341,6.05208916892442,0.22314355131421,8.29079434738136,8.29029259122431,0,0,24.500000057,3.23867845439967
0,1.38629436111989,0.618154479610635,6.04084977228873,2.07944154167984,2.63905732961526,0.559615787935423,7.91388671485608,7.90581031265893,0,0,210.9999999705,5.35658627453286
0,2.39789527279837,0.580354304881322,4.45856671175411,1.94591014905531,6.42324696353352,0.374693449753911,8.29529885950246,8.29479935899257,0,0,145.999999955781,4.99043258647792
0,1.38629436111989,0.448347357085944,5.13432676643881,2.19722457733622,5.04342511691925,0.559615787935423,8.26126815057765,8.26075135470051,1,0.0162601626247604,60.4999999125,4.11903717338971
0,2.07944154167984,0.535142397542681,4.83727347867377,1.79175946922805,6.2709884318583,0.405465108108164,8.27664912542186,8.27614021955846,0,0,12.5000000125,2.60268968637031
0,1.38629436111989,0,3.56953269648137,0.693147180559945,0,0.22314355131421,8.27664912542186,8.27614021955846,0,0,0,0
0,1.6094379124341,0.595996264840284,6.08949828737935,2.19722457733622,3.8286413964891,0.336472236621213,6.91671502035361,6.91373735065968,0,0,6.499999803,2.0149029942756
0,0,0,5.33753807970132,1.79175946922805,4.34380542185368,0.693147180559945,7.92334821193015,7.91534816926308,0,0,7.499999988,2.14006616208451
0,1.09861228866811,0.510404342439473,5.80312491788786,1.79175946922805,3.61091791264422,0.693147180559945,8.29254851397576,8.29204763743135,0,0,74.5000001869823,4.32413265873157
0,0.693147180559945,0.594032741930412,5.61858762859297,1.6094379124341,1.09861228866811,0.405465108108164,8.50633444808136,8.50228257868048,0,0,1.999999863,1.09861224300144
0,0.693147180559945,0.607938219333574,5.41610040220442,1.94591014905531,4.39444915467244,0.693147180559945,8.25997565976828,8.25945819533241,1,0.117647058380623,7.500000032,2.14006616726098
0,2.07944154167984,0.322631100657322,6.66933944783327,1.94591014905531,2.94443897916644,0.485507815781701,7.90322680873073,7.89506349809157,0,0,117.9999984725,4.77912348027539
0,0,0,4.64439089914137,0.693147180559945,0,0.693147180559945,8.26152644839647,8.26100978602383,1,0.0408163265830904,23.4999999685,3.19867311626497
0,1.6094379124341,0.514430870048522,4.69683737451392,0.693147180559945,4.45434729625351,0.336472236621213,8.26513562993738,8.26462082941122,0,0,110.000000067,4.70953020191594
0,0.693147180559945,0.688675226260974,5.60396213937399,1.09861228866811,1.94591014905531,0.693147180559945,8.51939077495972,8.51539156946961,0,0,8.9999999895,2.30258509194405
0,1.6094379124341,0,2.54944517092557,0.693147180559945,0,0.182321556793955,8.26513562993738,8.26462082941122,0,0,0,0
0,2.70805020110221,0,3.81990771652034,0.693147180559945,0,0.0645385214500712,8.27231514795602,8.27180403115471,0,0,0,0
0,0,0,5.75574221358691,1.79175946922805,2.56494935746154,0.693147180559945,8.52615293278771,8.52218073292728,0,0,0.999999945,0.693147153059945
0,1.09861228866811,0.48915025342872,4.26267987704132,1.79175946922805,5.03695260241363,0.693147180559945,8.51197962436335,8.5079506100493,0,0,6.00000009,1.94591016191246
0,0,0,2.39789527279837,0.693147180559945,0,0.693147180559945,8.51197962436335,8.5079506100493,0,0,0,0
0,0,0,5.53338948872752,1.79175946922805,3.80666248977032,0.693147180559945,8.50653661122771,8.50248556254396,0,0,1.000000008,0.693147184559945
0,0.693147180559945,0,4.37575702166029,0.693147180559945,0,0.405465108108164,8.5137873982814,8.50976567558744,0,0,0,0
0,0,0,4.21950770517611,0.693147180559945,1.38629436111989,0.693147180559945,8.52118521268578,8.51719319141624,0,0,1.999999982,1.09861228266811
0,0,0,4.21950770517611,0.693147180559945,0.693147180559945,0.693147180559945,8.5173931714189,8.51338595307328,0,0,0.4999999955,0.405465105108164
0,0,0,6.34035930372775,0.693147180559945,0,0.693147180559945,8.50268850521336,8.4986218058308,0,0,4.000000108,1.6094379340341
0,0,0,6.34212141872115,0.693147180559945,1.79175946922805,0.693147180559945,8.50248556254396,8.4984180360899,0,0,92.999999988,4.54329478214234
0,0,0,5.49306144334055,1.09861228866811,2.89037175789616,0.693147180559945,8.51759311143756,8.51358669582213,0,0,4.000000092,1.6094379308341
0,0,0,4.36944785246702,1.09861228866811,2.89037175789616,0.693147180559945,8.51839247199172,8.5143892640835,0,0,1.500000021,0.916290740274155
0,0,0,5.82894561761021,0.693147180559945,2.89037175789616,0.693147180559945,8.52357279838028,8.51959031601596,0,0,22.9999999425,3.17805382795211
0,0,0,6.35437004079735,0.693147180559945,0,0.693147180559945,8.50592999913753,8.50187648730434,0,0,41.000000041,3.73766961925956
0,0,0,6.37161184723186,0.693147180559945,0,0.693147180559945,8.50572771330696,8.5016733797582,0,0,10.000000192,2.39789529025292
0,0,0,6.35437004079735,0.693147180559945,0.693147180559945,0.693147180559945,8.50431056558522,8.50025047068593,0,0,8.500000075,2.25129180650123
0,0,0,6.37331978957701,0.693147180559945,0,0.693147180559945,8.50329708622413,8.49923286603924,0,0,1.999999755,1.09861220700144
0,0,0,6.37331978957701,0.693147180559945,0,0.693147180559945,8.50309426703674,8.49902922078857,0,0,3.50000001,1.5040773989985
0,0,0,6.36990098282823,0.693147180559945,2.30258509299405,0.693147180559945,8.50289140670538,8.49882553405805,0,0,2.9999999425,1.38629434674489
0,1.38629436111989,0.510168447072684,5.4510384535657,1.09861228866811,3.85014760171006,0.693147180559945,8.50552538654856,8.501470230951,0,0,70.000000016,4.26267987726667
0,1.79175946922805,0.396216010773293,5.45318207710895,0.693147180559945,1.94591014905531,0.405465108108164,8.5137873982814,8.50976567558744,0,0,103.5000001575,4.64918707291204
0,0.693147180559945,0.693147180559945,4.70953020131233,0.693147180559945,0.693147180559945,0.693147180559945,8.5179928715868,8.51398806046729,0,0,0.99999999,0.693147175559945
0,0,0,4.85981240436167,0.693147180559945,0.693147180559945,0.693147180559945,8.51859221232995,8.51458980554612,0,0,5,1.79175946922805
0,1.79175946922805,0.472906597802226,5.28066243130932,0.693147180559945,4.20469261939097,0.693147180559945,8.50976567558744,8.50572771330696,0,0,626.0000002335,6.44094654100533
0,0,0,5.41610040220442,0.693147180559945,1.38629436111989,0.693147180559945,8.52198170814803,8.5179928715868,0,0,58.499999936,4.08597631147595
0,0,0,5.18178355029209,0.693147180559945,0,0.693147180559945,8.51899157335762,8.51499076786104,0,0,7.5000000255,2.14006616649627
0,0,0,5.19849703126583,0.693147180559945,0,0.693147180559945,8.51879191277993,8.51479030679993,0,0,0,0
0,0,0,4.54329478227,0.693147180559945,0,0.693147180559945,8.51539156946961,8.51137630609467,0,0,0,0
0,0,0,4.23410650459726,0.693147180559945,0,0.693147180559945,8.51699317141357,8.51298434664218,0,0,1.499999998,0.916290731074155
0,0,0,3.78418963391826,0.693147180559945,0,0.693147180559945,8.52158353971753,8.51759311143756,0,0,0,0
0,0,0,7.05098944706805,0.693147180559945,0,0.693147180559945,8.52178264375005,8.51779301148821,0,0,3.9999997065,1.6094378537341
0,0,0,7.04925484125584,0.693147180559945,1.38629436111989,0.693147180559945,8.51959031601596,8.51559191004926,0,0,18.49999998,2.97041446454406
0,0,0,7.04925484125584,0.693147180559945,0,0.693147180559945,8.51819269174932,8.51418868239594,0,0,53.4999998955,3.99820069975177
0,1.6094379124341,0.540508868943803,5.80513496891649,0.693147180559945,1.79175946922805,0.470003629245736,8.51539156946961,8.51137630609467,0,0,101.499999775,4.62986279638334
0,2.30258509299405,0,5.15213485636996,0.693147180559945,0,0.0953101798043249,8.50976567558744,8.50572771330696,0,0,0,0
0,0,0,5.94803498918065,0.693147180559945,0,0.693147180559945,8.52218073292728,8.51819269174932,0,0,1.499999973,0.916290721074155
0,0,0,5.94542060860658,0.693147180559945,1.6094379124341,0.693147180559945,8.5213843960347,8.5173931714189,0,0,6.0000000015,1.9459101492696
0,0,0,5.91889385427315,0.693147180559945,0,0.693147180559945,8.51218064959269,8.50815244676409,0,0,7.5000000285,2.14006616684921
0,0.693147180559945,0.416040280011129,5.37063802812766,1.09861228866811,2.94443897916644,0.693147180559945,8.5039052970893,8.49984355308112,0,0,13.000000096,2.6390573364724
0,0,0,5.15329159449778,1.09861228866811,3.2188758248682,0.693147180559945,8.50471566990512,8.50065722277614,0,0,32.99999998,3.52636052402793
0,0,0,6.59987049921284,1.6094379124341,1.79175946922805,0.693147180559945,7.91205688817901,7.90396563403217,0,0,20.999999836,3.09104244590377
0,0,0,5.43372200355424,1.94591014905531,4.30406509320417,0.693147180559945,7.92479591395644,7.9168074909376,0,0,0.50000001,0.405465114774831
0,0.693147180559945,0,3.62434093297637,0.693147180559945,0,0.405465108108164,7.9359451033537,7.92804560087478,1,1,0,0
0,0,0,6.6052979209482,1.94591014905531,1.38629436111989,0.693147180559945,7.91095738284559,7.90285719128058,0,0,26.499999942,3.31418600256343
0,0.693147180559945,0.366695643900095,4.5798523780038,2.07944154167984,5.18738580584075,0.693147180559945,7.88833450073865,7.88004820097158,0,0,43.499999993,3.79548918901489
0,0,0,6.35262939631957,1.94591014905531,0,0.693147180559945,7.88758403166028,7.87929148508227,0,0,5.0000000055,1.79175947014472
0,0.693147180559945,0.420392718199463,5.32787616878958,1.79175946922805,3.09104245335832,0.693147180559945,7.8811822022271,7.87283617502572,0,0,8.500000075,2.25129180650123
0,0,0,3.13549421592915,1.38629436111989,4.45434729625351,0.693147180559945,7.87815533650332,7.86978390253015,0,0,3.499999998,1.50407739633183
0,0,0,6.71659477352098,2.19722457733622,1.6094379124341,0.693147180559945,7.97453284413023,7.96970358327866,0,0,11.9999999625,2.56494935457692
0,1.09861228866811,0.639226498135662,3.55534806148941,1.09861228866811,4.84418708645859,0.693147180559945,8.52018870039604,8.51619269108265,0,0,7.999999995,2.19722457678066
0,0,0,4.12713438504509,1.09861228866811,3.36729582998647,0.693147180559945,8.2602342916073,8.25971696102152,0,0,4.0000000005,1.6094379125341
0,0,0,4.85981240436167,0.693147180559945,3.58351893845611,0.693147180559945,8.52058742448425,8.51659301134421,0,0,3.5,1.50407739677627
0,0,0,6.22257626807137,0.693147180559945,3.49650756146648,0.693147180559945,8.52038808231276,8.51639287124547,0,0,1.5000000725,0.916290760874155
0,1.38629436111989,0.652528186787811,5.05942545826569,0.693147180559945,5.15329159449778,0.693147180559945,8.52337405049132,8.51939077495972,0,0,18.500000216,2.97041447664662
0,0,0,1.94591014905531,0.693147180559945,0,0.693147180559945,7.89655270164304,7.88833450073865,0,0,0,0
0,0,0,5.2257466737132,0.693147180559945,2.77258872223978,0.693147180559945,7.88608140177575,7.87777633327726,0,0,2.4999999975,1.25276296778108
0,0,0,5.46383180502561,0.693147180559945,0.693147180559945,0.693147180559945,7.89692465626886,7.88870952418201,0,0,8.99999992,2.30258508499405
0,0,0,4.74493212836325,0.693147180559945,0,0.693147180559945,7.98104975966596,7.97625194374562,0,0,19.499999991,3.02042488570534
0,0,0,4.74493212836325,0.693147180559945,1.79175946922805,0.693147180559945,7.98070782086967,7.97590836016554,1,0.0363636364165289,26.49999996,3.31418600321798
0,0.693147180559945,0.369133950086477,4.98702542845712,1.09861228866811,1.09861228866811,0.693147180559945,7.98002359231065,7.97522083865341,0,0,64.4999999895,4.1820501424809
0,0,0,4.71849887129509,0.693147180559945,1.79175946922805,0.693147180559945,7.97899637085411,7.97418866928601,0,0,2.999999997,1.38629436036989
0,1.09861228866811,0,4.64759090155255,0.693147180559945,0,0.287682072201781,7.97796809312855,7.97315543344413,1,1,0,0
0,0,0,5.20948615284142,1.09861228866811,1.09861228866811,0.693147180559945,7.97933889526233,7.97453284413023,0,0,57.500000012,4.06902675444294
0,0,0,4.81218435537242,1.09861228866811,1.38629436111989,0.693147180559945,6.93828448401696,6.00141487796115,0,0,1.500000004,0.916290733474155
0,0,0,3.58351893845611,0.693147180559945,0,0.693147180559945,7.90875473878325,7.900636613018,0,0,0,0
0,1.38629436111989,0.415117322581865,6.09526134078963,2.30258509299405,5.79605775076537,0.559615787935423,7.8739783796045,7.86557175768479,0,0,129.4999997445,4.87137322480489
0,0,0,5.99146454710798,2.07944154167984,1.79175946922805,0.693147180559945,7.91862865334224,7.91059061225648,0,0,4.5000000045,1.70474809305661
0,1.6094379124341,0.534957584195917,5.88665943274186,2.56494935746154,5.09375020080676,0.587786664902119,7.90875473878325,7.900636613018,0,0,83.000000066,4.43081679962903
0,0,0,6.36302810354046,2.39789527279837,4.60517018598809,0.693147180559945,6.91075078796194,6.90775527898214,0,0,2.499999831,1.25276292020965
0,0,0,6.55677835615804,2.56494935746154,1.09861228866811,0.693147180559945,6.90475076996184,6.90173720665657,1,0.222222235185186,3.4999997375,1.50407733844294
0,0,0,7.17930796950403,2.63905732961526,0.693147180559945,0.693147180559945,6.9037472575846,6.90073066404517,0,0,8.9999999235,2.30258508534405
0,0,0,7.17930796950403,2.63905732961526,0,0.693147180559945,7.97590836016554,7.97108575350561,0,0,32.5000000515,3.51154544036833
0,0,0,7.16394668434255,2.63905732961526,1.79175946922805,0.693147180559945,7.97418866928601,7.96935774201635,1,0.00896860985549679,110.500000124,4.71402459201228
0,0,0,4.06044301054642,1.38629436111989,4.48863636973214,0.693147180559945,6.93731408122368,5.99893656194668,0,0,1.5000000015,0.916290732474155
0,0,0,5.59098698051086,1.79175946922805,3.04452243772342,0.693147180559945,7.98036576511125,7.9755646584952,0,0,1.4999999925,0.916290728874155
0,2.19722457733622,0.478307334114531,5.59512434673553,2.39789527279837,4.81218435537242,0.441832752564753,7.90654723236804,7.8984110928116,0,0,193.99999997696,5.27299955844559
0,1.6094379124341,0.573376581006405,5.14166355650266,2.30258509299405,5.73009978297357,0.587786664902119,7.8995244720322,7.89133075766189,0,0,32.00000015,3.49650756601193
0,1.09861228866811,0.61158058327288,6.36015040365521,2.63905732961526,2.56494935746154,0.693147180559945,6.90173720665657,6.89871453432999,1,0.0322580648176192,29.9999997102679,3.43398719513895
0,0.693147180559945,0.13531696329398,6.25862498383897,2.56494935746154,2.56494935746154,0.693147180559945,7.97384437594469,7.96901178110648,0,0,48.5000001185,3.90197267196858
0,0,0,3.52636052461616,0.693147180559945,0,0.693147180559945,8.51036996606811,8.50633444808136,0,0,0,0
0,0.693147180559945,0,2.83321334405622,1.6094379124341,2.94443897916644,0.693147180559945,8.51579221050061,8.51177855871474,0,0,1,0.693147180559945
0,0,0,5.37063802812766,0.693147180559945,1.38629436111989,0.693147180559945,8.52078672692637,8.5167931113949,0,0,10.000000008,2.39789527352564
0,0,0,5.32787616878958,0.693147180559945,0,0.693147180559945,8.51599247083972,8.51197962436335,0,0,0,0
0,0,0,4.85203026391962,1.6094379124341,1.38629436111989,0.693147180559945,8.52098598965493,8.51699317141357,0,0,1.000000032,0.693147196559945
0,1.38629436111989,0.673436213032881,5.41387570718231,2.39789527279837,3.91202300542815,0.693147180559945,8.5167931113949,8.51278348292754,0,0,4.999999854,1.79175944489472
0,0.693147180559945,0.30258989781515,5.68866883684615,2.19722457733622,3.49650756146648,0.405465108108164,8.51077262361331,8.50673873351238,0,0,14.999999977,2.77258872080228
0,0,0,5.32787616878958,1.09861228866811,0,0.693147180559945,8.51117511909067,8.50714285556274,0,0,2.00000009,1.09861231866811
0,0,0,5.32787616878958,1.09861228866811,4.55387689160054,0.693147180559945,8.51097389160232,8.50694081495189,0,0,18.5000000125,2.97041446621073
0,0,0,5.66988092298052,1.09861228866811,2.07944154167984,0.693147180559945,7.87777633327726,7.86940171257709,0,0,3.4999999585,1.50407738755405
0,0,0,4.45434729625351,1.6094379124341,1.79175946922805,0.693147180559945,7.97831096986772,7.97349996402463,0,0,19.4999999825,3.0204248852907
0,0,0,4.23410650459726,1.6094379124341,4.48863636973214,0.693147180559945,7.97693875695943,7.97212112892166,0,0,7.49999999,2.1400661623198
0,1.38629436111989,0.347093280968208,5.48375905067823,2.07944154167984,1.94591014905531,0.693147180559945,7.9229859587112,7.91498300584839,0,0,78.4999999,4.37575702040242
0,0,0,5.03043792139244,1.09861228866811,4.00733318523247,0.693147180559945,7.91022370709734,7.90211754627645,0,0,15.499999968,2.80336037896714
0,0,0,4.85203026391962,0.693147180559945,3.55534806148941,0.693147180559945,7.9287663216267,7.9208096792886,0,0,1.000000032,0.693147196559945
0,0,0,5.04342511691925,1.09861228866811,3.29583686600433,0.693147180559945,7.91059061225648,7.90248743716286,0,0,8.000000008,2.19722457822511
0,0.693147180559945,0,2.2512917986065,0.693147180559945,0,0.405465108108164,7.92840602618053,7.92044650514261,0,0,0,0
0,0,0,4.91265488573605,1.79175946922805,4.61512051684126,0.693147180559945,7.92153563213355,7.91352101728389,0,0,37.4999999625,3.65065824031971
0,1.09861228866811,0.418482270037591,6.19712278401333,2.63905732961526,3.25809653802148,0.693147180559945,7.9373746961633,7.92948652331429,0,0,26.0000000192325,3.29583686671664
0,0,0,5.12396397940326,1.94591014905531,0,0.693147180559945,7.93630269320196,7.92840602618053,0,0,16.5000000485,2.8622008837009
0,1.94591014905531,0.556928484940423,4.73745079633549,2.07944154167984,6.16120732169508,0.53899650056602,7.92840602618053,7.92044650514261,1,0.00621118012717897,159.999999923394,5.08140436450865
0,1.38629436111989,0.23496134924597,5.55199012289707,2.07944154167984,4.8283137373023,0.693147180559945,8.29179710504873,8.29129585190541,0,0,79.4999996505,4.3882571800829
0,0.693147180559945,0.67851596139269,5.36830973836807,2.07944154167984,1.09861228866811,0.405465108108164,7.91935619066062,7.91132401896335,0,0,7.4999998675,2.14006614790804
0,2.484906649788,0.601047241315035,5.70766382147485,2.19722457733622,6.0282785202307,0.650587566315062,7.91826468609527,7.91022370709734,1,0.0128205126833414,77.0000008345508,4.35670883738896
0,0,0,4.96284463025991,1.94591014905531,3.58351893845611,0.693147180559945,7.89989532313973,7.89170465933011,0,0,2.999999991,1.38629435886989
0,0,0,6.4085287910595,1.79175946922805,0.693147180559945,0.693147180559945,8.52237971810354,8.51839247199172,0,0,0.499999995,0.405465104774831
0,0,0,6.33150184989369,2.07944154167984,2.63905732961526,0.693147180559945,6.90975328164481,6.90675477864855,0,0,15.4999999935,2.8033603805126
0,1.94591014905531,0.508220406532659,5.62091832999782,2.63905732961526,3.98898404656427,0.693147180559945,6.89871453432999,6.89568269774787,0,0,79.4999998586168,4.38825718266821
0,0,0,5.61677109766657,2.19722457733622,2.63905732961526,0.693147180559945,6.9177056098353,6.91473089271856,0,0,2.499999975,1.25276296135251
0,0,0,5.61312810638807,2.19722457733622,4.56434819146784,0.693147180559945,6.91174730025167,6.90875477931522,0,0,2.5000000935,1.25276299520965
0,0,0,4.55387689160054,0.693147180559945,0.693147180559945,0.693147180559945,6.90274273715859,6.89972310728487,0,0,14.499999986,2.74084002302198
0,1.09861228866811,0.651112758638206,4.22439769042152,1.38629436111989,5.55682806169954,0.287682072201781,7.9755646584952,7.9707403900071,1,0.0100502512542488,98.5000000201238,4.6001576443668
0,0,0,4.31748811353631,1.6094379124341,2.56494935746154,0.693147180559945,6.90875477931522,6.90575327631146,0,0,2.500000016,1.2527629730668
0,0,0,4.90527477843843,1.09861228866811,2.484906649788,0.693147180559945,6.90775527898214,6.90475076996184,0,0,3.500000002,1.50407739722072
0,0,0,4.88280192258637,0.693147180559945,0.693147180559945,0.693147180559945,7.97659540931658,7.97177612288063,0,0,1.000000028,0.693147194559945
0,0,0,4.88280192258637,0.693147180559945,0,0.693147180559945,7.97625194374562,7.97143099776935,1,1,0,0
0,0,0,3.36729582998647,0.693147180559945,0,0.693147180559945,6.90575327631146,6.90274273715859,0,0,0,0
0,0,0,5.00394630594546,2.07944154167984,0,0.693147180559945,7.92443418488756,7.91644286012226,0,0,3.999999996,1.6094379116341
0,0.693147180559945,0.251845253923598,4.72738781871234,2.07944154167984,4.83628190695148,0.693147180559945,7.92407232492342,7.91607809630279,0,0,39.999999984,3.71357206631406
0,0,0,4.98360662170834,2.07944154167984,4.54329478227,0.693147180559945,6.90675477864855,6.9037472575846,0,0,26.000000025,3.29583686693026
0,0.693147180559945,0.372682118195163,5.46383180502561,2.30258509299405,5.17614973257383,0.693147180559945,7.88306935130575,7.87473912517181,0,0,36.99999988,3.63758615656849
0,0,0,3.46573590279973,1.79175946922805,4.53259949315326,0.693147180559945,7.88570539124302,7.87739718635329,0,0,0.9999999995,0.693147180309945
0,0,0,5.08140436498446,0.693147180559945,1.09861228866811,0.693147180559945,7.87966991460429,7.87131120332341,0,0,18.5,2.9704144655697
0,0,0,5.06890420222023,0.693147180559945,2.07944154167984,0.693147180559945,7.87739718635329,7.86901937649902,0,0,2.50000003,1.2527629770668
0,0,0,6.74405918631135,2.39789527279837,3.52636052461616,0.693147180559945,7.87245515006398,7.86403565907245,0,0,1.999999944,1.09861227000144
0,0.693147180559945,0.688675226260974,4.97673374242057,1.79175946922805,5.31320597904179,0.693147180559945,7.98173328669189,7.97693875695943,0,0,40.5,3.72569342723665
0,1.94591014905531,0.441729140482951,5.68697535633982,2.30258509299405,4.44265125649032,0.693147180559945,7.89655270164304,7.88833450073865,0,0,221.499999399,5.40492709890517
0,0,0,6.0591231955818,1.6094379124341,0,0.693147180559945,7.88231491898027,7.8739783796045,0,0,6.5000000275,2.01490302420893
0,0,0,6.04737217904628,1.6094379124341,0,0.693147180559945,7.88193748927207,7.87359778968554,0,0,16.99999992,2.89037175345172
0,0,0,6.04263283368238,1.6094379124341,0,0.693147180559945,7.8815599170569,7.87321705486274,0,0,9.99999987,2.39789526098019
0,0,0,6.04025471127741,1.6094379124341,2.39789527279837,0.693147180559945,7.8804263442924,7.87207397986687,0,0,2.499999953,1.2527629550668
0,0.693147180559945,0.690157822377731,6.19440539110467,1.94591014905531,0.693147180559945,0.693147180559945,7.89766815072691,7.88945914940452,0,0,11.000000232,2.48490666912133
0,1.09861228866811,0.673061669435908,4.66970870743816,2.30258509299405,5.25227342804663,0.693147180559945,7.88495294575981,7.87663846097546,0,0,9.99999990015457,2.39789526372151
0,0,0,4.43081679884331,1.38629436111989,3.55534806148941,0.693147180559945,8.5249629286806,8.52098598965493,0,0,27.9999999925,3.36729582972785
0,0,0,5.30826769740121,1.79175946922805,1.94591014905531,0.693147180559945,7.89207842124812,7.88382321489215,0,0,2.500000011,1.25276297163823
0,0,0,3.87120101090789,1.6094379124341,1.09861228866811,0.693147180559945,8.28979058318164,8.28928832300032,0,0,0.500000006,0.405465112108164
0,0,0,5.62401750618734,1.6094379124341,2.89037175789616,0.693147180559945,8.51719319141624,8.5131851700187,0,0,12.49999998,2.6026896839629
0,0,0,3.25809653802148,1.79175946922805,4.53259949315326,0.693147180559945,7.88532923927319,7.8770178956224,0,0,5.5,1.87180217690159
0,1.09861228866811,0.683802361932243,5.71593060870162,1.94591014905531,3.49650756146648,0.693147180559945,7.88720858581393,7.87891291229713,0,0,58.0000000223877,4.07753744428517
0,0,0,4.00733318523247,1.38629436111989,2.77258872223978,0.693147180559945,7.97865372908273,7.97384437594469,0,0,2.500000011,1.25276297163823
0,0,0,4.70953020131233,1.38629436111989,3.04452243772342,0.693147180559945,7.89170465933011,7.88344635413774,0,0,4.50000001,1.70474809405661
0,0,0,6.73933662735717,1.94591014905531,0,0.693147180559945,7.91169052070834,7.9035962896143,0,0,27.500000094,3.34990409057285
0,0,0,6.73933662735717,1.94591014905531,3.40119738166216,0.693147180559945,7.91132401896335,7.90322680873073,0,0,0.999999896,0.693147128559944
0,3.04452243772342,0,3.41538201670106,0.693147180559945,0,0.0465200159985293,8.30893825259578,8.30844552038576,1,1,0,0
0,3.85014760171006,0.556251160777605,5.66125986233543,2.19722457733622,7.75705114203201,0.426518517555997,8.28953948462414,8.28903709827848,1,0.00335570474410831,296.999995904206,5.69709347276113
0,0,0,4.00733318523247,0.693147180559945,2.19722457733622,0.693147180559945,8.50349986428423,8.49943646982698,0,0,9.99999999,2.39789527188928
0,3.49650756146648,0.521940333101015,4.56687026087536,2.30258509299405,7.04228617193974,0.332133835066093,8.30893825259578,8.30844552038576,1,0.0028409090901257,351.000000097066,5.86363117587385
0,0,0,5.99645208861902,1.6094379124341,3.04452243772342,0.693147180559945,8.27359179819963,8.27308133366583,0,0,1.000000166,0.693147263559942
0,0,0,4.8283137373023,1.38629436111989,2.89037175789616,0.693147180559945,8.50451313825886,8.50045386741194,0,0,6.50000002,2.01490302320893
0,0,0,3.8286413964891,1.94591014905531,3.97029191355212,0.693147180559945,8.50410795186758,8.50004703258127,0,0,6.5000000025,2.0149030208756
0,1.38629436111989,0,2.9704144655697,0.693147180559945,0,0.22314355131421,8.28953948462414,8.28903709827848,0,0,0,0
0,0.693147180559945,0.688675226260974,3.55534806148941,1.6094379124341,0,0.405465108108164,8.52476445691256,8.52078672692637,0,0,4.499999994,1.70474809114752
0,0,0,5.06259503302697,1.09861228866811,3.73766961828337,0.693147180559945,8.52654928634026,8.52257866369258,0,0,28.9999999535,3.40119738011216
0,0,0,4.29045944114839,1.79175946922805,4.72738781871234,0.693147180559945,8.526351129201,8.52237971810354,0,0,0.500000004,0.405465110774831
0,0,0,4.20469261939097,1.94591014905531,4.62497281328427,0.693147180559945,8.52257866369258,8.51859221232995,0,0,3.000000003,1.38629436186989
0,1.6094379124341,0.664414525539789,6.01615715969835,2.07944154167984,5.09375020080676,0.587786664902119,8.52595469708481,8.52198170814803,0,0,12.99999956,2.63905729818669
0,0,0,5.32787616878958,1.94591014905531,1.94591014905531,0.693147180559945,8.51398806046729,8.5099671463245,0,0,2.00000009,1.09861231866811
0,1.38629436111989,0.655244570486995,6.17222238192575,1.79175946922805,4.94875989037817,0.405465108108164,8.52436739516424,8.52038808231276,0,0,8.4999994225,2.25129173781702
0,0,0,6.19236248947487,1.6094379124341,3.91202300542815,0.693147180559945,8.51418868239594,8.51016857647927,1,0.0952380935328798,9.500000188,2.35137527506824
0,0,0,8.31947369244219,1.6094379124341,1.09861228866811,0.693147180559945,8.13944052187461,8.13944052187461,0,0,3.000001802,1.38629481161979
0,0.693147180559945,0.226241499712914,5.19017520792833,1.6094379124341,2.56494935746154,0.693147180559945,8.13856473726163,8.13856473726163,0,0,23.500000167,3.19867312436701
0,0,0,4.29045944114839,1.38629436111989,2.56494935746154,0.693147180559945,7.6506445514369,7.6506445514369,0,0,1.000000008,0.693147184559945
0,1.09861228866811,0.341355232511188,5.92247167553175,1.6094379124341,4.14313472639153,0.693147180559945,7.650168700845,7.650168700845,1,0.00847457625452273,117.000000232026,4.77068462643198
0,0,0,6.6682282484174,1.79175946922805,2.70805020110221,0.693147180559945,7.64873978895624,7.64873978895624,0,0,3.999999981,1.6094379086341
0,0.693147180559945,0.670100638988516,5.49100171037754,1.6094379124341,3.09104245335832,0.693147180559945,9.74414005930199,9.74414005930199,0,0,7.9999997595,2.197224550614
0,1.94591014905531,0.604022972021967,6.73832174223959,1.94591014905531,2.484906649788,0.251314428503128,9.74067446213022,9.74067446213022,0,0,30.5000014784497,3.4499875927665
0,0,0,5.73009978297357,1.6094379124341,1.79175946922805,0.693147180559945,7.63482067774554,7.63482067774554,0,0,10.5000000315,2.44234703810833
0,0,0,4.29045944114839,1.38629436111989,1.6094379124341,0.693147180559945,7.63191651307125,7.63191651307125,0,0,3.500000028,1.5040774029985
0,0,0,7.15305163493748,1.94591014905531,1.38629436111989,0.693147180559945,7.63143166457691,7.63143166457691,0,0,5.999999824,1.94591012391246
0,0,0,5.76205138278018,1.94591014905531,0,0.693147180559945,9.73772808404115,9.73772808404115,0,0,2.499999895,1.25276293849537
0,0,0,5.89715386763674,1.38629436111989,4.06044301054642,0.693147180559945,6.10702288774225,6.10702288774225,0,0,9.999999867,2.39789526070746
0,0.693147180559945,0.665601407889128,5.7268477475872,1.6094379124341,2.07944154167984,0.693147180559945,7.62803112693033,7.62803112693033,0,0,27.499999986,3.34990408678338
0,0,0,5.77455154554441,1.38629436111989,1.79175946922805,0.693147180559945,7.62705741701893,7.62705741701893,0,0,8.0000000385,2.197224581614
0,0,0,4.27666611901606,1.38629436111989,1.79175946922805,0.693147180559945,7.61972421378267,7.61972421378267,0,0,0.999999997,0.693147179059945
0,0,0,6.73459165997295,1.94591014905531,0,0.693147180559945,9.73121533159518,9.73121533159518,0,0,1.99999968,1.09861218200144
0,2.63905732961526,0.523771394696751,6.8220417607548,1.94591014905531,3.98898404656427,0.496436886400848,9.73026447872743,9.73026447872743,0,0,738.49999961652,6.60597428163229
0,0,0,7.41336733569524,1.6094379124341,0.693147180559945,0.693147180559945,5.98645200528444,5.98645200528444,0,0,2.500000407,1.25276308478108
0,1.79175946922805,0.516036664478327,6.38322506365871,1.94591014905531,5.12989871492307,0.693147180559945,9.72579526412584,9.72579526412584,1,0.0140845072523208,69.9999989410508,4.26267986212654
0,0,0,4.90527477843843,1.09861228866811,3.8286413964891,0.693147180559945,8.12799505577195,8.12799505577195,0,0,3.500000002,1.50407739722072
0,0.693147180559945,0.67851596139269,4.15103990589865,1.38629436111989,5.37527840768417,0.693147180559945,9.73967366729791,9.73967366729791,0,0,5,1.79175946922805
0,2.19722457733622,0.593894280388574,6.17193253522942,1.79175946922805,5.89989735358249,0.63598876677882,9.74120388947868,9.74120388947868,0,0,22.9999997234655,3.17805381882567
0,0,0,6.91968384984741,1.38629436111989,1.79175946922805,0.693147180559945,8.12829017160705,8.12829017160705,0,0,1.4999999745,0.916290721674155
0,2.30258509299405,0.558480860720533,6.85329909318608,1.94591014905531,4.47733681447821,0.641853886172395,9.74026249143316,9.74026249143316,0,0,181.99999873,5.20948614590153
0,0,0,6.91671502035361,1.38629436111989,0.693147180559945,0.693147180559945,8.12533508671429,8.12533508671429,0,0,0.999999504,0.693146932559915
0,0.693147180559945,0.683030558166105,7.83696223612284,1.6094379124341,0.693147180559945,0.693147180559945,9.73660618023005,9.73660618023005,0,0,5.999999284,1.94591004676959
0,0,0,6.91274282049318,1.38629436111989,0,0.693147180559945,9.73613342286396,9.73613342286396,0,0,1.000000064,0.693147212559945
0,0,0,6.91274282049318,1.38629436111989,0,0.693147180559945,9.73607431247529,9.73607431247529,0,0,1.000000064,0.693147212559945
0,1.09861228866811,0.514801358050306,7.05185562295589,1.94591014905531,1.79175946922805,0.510825623965991,9.73701965966534,9.73701965966534,1,0.0224719106971342,43.499998842,3.79548916314972
0,2.77258872223978,0.250173764415609,5.47855341685097,1.79175946922805,6.45519856334012,0.485507815781701,9.74273177365673,9.74273177365673,0,0,135.000000036,4.91265488600076
0,1.09861228866811,0.670147613633596,5.05836669670558,1.6094379124341,4.51085950651685,0.693147180559945,9.73914342897283,9.73914342897283,0,0,9.9999999413678,2.39789526746817
0,0.693147180559945,0.622252807185043,4.99382817577987,1.38629436111989,2.56494935746154,0.693147180559945,9.72615353725321,9.72615353725321,0,0,10.5000000075,2.44234703602138
0,0,0,2.07944154167984,0.693147180559945,0,0.693147180559945,9.74490205341876,9.74490205341876,0,0,1.000000001,0.693147181059945
0,0,0,2.07944154167984,0.693147180559945,0,0.693147180559945,9.74484345909653,9.74484345909653,0,0,0,0
0,0,0,4.45434729625351,1.6094379124341,2.77258872223978,0.693147180559945,9.73837703247253,9.73837703247253,0,0,3.4999999925,1.50407739510961
0,1.38629436111989,0.616100058718979,7.09961454025658,1.6094379124341,1.6094379124341,0.405465108108164,9.74296662570103,9.74296662570103,1,0.105263154947369,8.500000266,2.25129182660649
0,0,0,0,1.09861228866811,2.39789527279837,0.693147180559945,9.73955586085376,9.73955586085376,0,0,3,1.38629436111989
0,1.09861228866811,0.648289210247917,6.40025744530882,1.38629436111989,1.09861228866811,0.510825623965991,9.73831805455974,9.73831805455974,1,0.0259740258343734,37.500000207,3.65065824667036
0,1.79175946922805,0.636571315299736,6.00429850517034,1.79175946922805,3.3322045101752,0.606135803388497,9.73743296820605,9.73743296820605,0,0,98.4999995206237,4.60015763934669
0,0.693147180559945,0.594032741930412,5.34948565312244,1.6094379124341,1.94591014905531,0.405465108108164,9.74513639638075,9.74513639638075,0,0,3.999999841,1.6094378806341
0,0,0,5.47646355193151,1.38629436111989,0.693147180559945,0.693147180559945,9.74302533009507,9.74302533009507,0,0,5.000000033,1.79175947472805
0,0,0,5.43372200355424,1.38629436111989,0,0.693147180559945,9.73896662036768,9.73896662036768,0,0,1.00000002,0.693147190559945
0,0.693147180559945,0.48204471539654,5.29831736654804,1.6094379124341,2.77258872223978,0.693147180559945,9.73890767721833,9.73890767721833,0,0,6.500000083,2.01490303160893
0,0.693147180559945,0.651437205443258,6.42567906850213,1.6094379124341,0.693147180559945,0.693147180559945,9.73861290934589,9.73861290934589,0,0,2.99999997,1.38629435361989
0,0,0,5.41164605185504,1.38629436111989,0,0.693147180559945,9.73849497786395,9.73849497786395,0,0,39.500000035,3.70130197497669
0,0,0,5.48063892334199,1.38629436111989,0.693147180559945,0.693147180559945,9.73814109994814,9.73814109994814,0,0,13.4999999645,2.67414864697825
0,1.38629436111989,0.693147180559945,6.21560759875528,1.38629436111989,2.70805020110221,0.405465108108164,9.73766906784119,9.73766906784119,0,0,3.999999996,1.6094379116341
0,0,0,4.48863636973214,1.38629436111989,0,0.693147180559945,9.72543686259282,9.72543686259282,0,0,3.499999976,1.50407739144294
0,0,0,4.48863636973214,1.38629436111989,1.79175946922805,0.693147180559945,9.72537711651364,9.72537711651364,0,0,7.500000024,2.1400661663198
0,0,0,5.57594910314632,1.38629436111989,0,0.693147180559945,9.74501923176433,9.74501923176433,0,0,6.9999999785,2.07944153899234
0,0,0,5.56452040732269,1.38629436111989,2.77258872223978,0.693147180559945,9.74496064430789,9.74496064430789,0,0,0.50000002,0.405465121441498
0,0,0,5.56452040732269,1.38629436111989,1.09861228866811,0.693147180559945,9.7380231128086,9.7380231128086,1,0.0408163264806331,23.50000003,3.19867311877517
0,1.38629436111989,0.693147180559945,7.10291079375618,1.6094379124341,2.83321334405622,0.559615787935423,9.73796411401806,9.73796411401806,0,0,3.999999472,1.60943780683409
0,0.693147180559945,0.693147180559945,5.34948565312244,1.6094379124341,0,0.405465108108164,9.74525354727123,9.74525354727123,0,0,1.000000065,0.693147213059945
0,0,0,5.14166355650266,1.6094379124341,0.693147180559945,0.693147180559945,9.73920235822827,9.73920235822827,0,0,0.500000005,0.405465111441498
0,0,0,4.52178857704904,1.09861228866811,0,0.693147180559945,9.73085886771307,9.73085886771307,0,0,2.000000002,1.09861228933478
0,1.38629436111989,0.619742721959445,5.47332054253431,1.6094379124341,1.38629436111989,0.559615787935423,9.74437458087906,9.74437458087906,0,0,30.0000001015,3.43398720775934
0,0,0,5.33753807970132,1.38629436111989,1.38629436111989,0.693147180559945,9.73843600690713,9.73843600690713,0,0,5.999999949,1.9459101417696
0,3.46573590279973,0.571240597254809,6.61719406577951,1.94591014905531,7.38770923908104,0.594707107746693,8.13768818497761,8.13768818497761,1,0.00888888827397535,111.5000077825,4.72295329082225
0,2.30258509299405,0.657391207576398,5.90944071162939,1.94591014905531,5.94542060860658,0.470003629245736,9.72943174015921,9.72943174015921,0,0,27.9999995625,3.36729581490027
0,0,0,8.30003171177957,1.09861228866811,1.09861228866811,0.693147180559945,9.73684247512718,9.73684247512718,0,0,1.999998243,1.09861170300127
0,2.19722457733622,0.534435727533096,4.32192271055993,1.6094379124341,6.89972310728487,0.200670695280333,9.73240262766816,9.73240262766816,0,0,84.9999997101883,4.4543472928836
0,0,0,5.96357934361845,1.38629436111989,0,0.693147180559945,9.73044283252238,9.73044283252238,0,0,0.50000008,0.405465161441496
0,0,0,5.96100533962327,1.38629436111989,0,0.693147180559945,9.73038338479178,9.73038338479178,0,0,0.4999999365,0.40546506577483
0,0,0,5.95842469302978,1.38629436111989,0,0.693147180559945,9.73032393352694,9.73032393352694,0,0,0.500000082,0.40546516277483
0,0,0,4.45434729625351,1.09861228866811,3.93182563272433,0.693147180559945,9.73678340663725,9.73678340663725,0,0,6.999999985,2.07944153980484
0,1.38629436111989,0.654822521350393,6.06378520868761,1.79175946922805,4.02535169073515,0.405465108108164,6.18414889093748,6.18414889093748,0,0,7.999999722,2.19722454644733
0,0,0,5.83773044716594,1.6094379124341,4.62497281328427,0.693147180559945,8.12651816878071,8.12651816878071,0,0,4.000000023,1.6094379170341
0,2.63905732961526,0.642983378581932,6.08791044537623,1.79175946922805,6.21260609575152,0.6190392083293,9.73323289696031,9.73323289696031,0,0,25.999999893,3.29583686204137
0,0,0,6.99942246750796,1.79175946922805,0,0.693147180559945,9.73943804052962,9.73943804052962,0,0,0.99999999,0.693147175559945
0,0,0,6.99942246750796,1.79175946922805,0,0.693147180559945,9.73937912516153,9.73937912516153,0,0,27.499999725,3.34990407762548
0,0,0,6.99393297522319,1.79175946922805,0,0.693147180559945,9.73932020632222,9.73932020632222,0,0,9.000000207,2.30258511369405
0,0,0,6.98749024700099,1.79175946922805,2.83321334405622,0.693147180559945,9.73926128401127,9.73926128401127,0,0,0.999999548,0.69314695455992
0,0,0,6.87523208727658,1.79175946922805,4.70048036579242,0.693147180559945,9.7394969524269,9.7394969524269,0,0,26.5000001645,3.31418601065434
0,0,0,3.91202300542815,1.6094379124341,0,0.693147180559945,9.73672433465803,9.73672433465803,0,0,0.999999987,0.693147174059945
0,0,0,3.91202300542815,1.6094379124341,4.80402104473326,0.693147180559945,9.7366652591891,9.7366652591891,0,0,4.999999984,1.79175946656139
0,0,0,4.94875989037817,0.693147180559945,0,0.693147180559945,9.74478486134081,9.74478486134081,0,0,0.99999998,0.693147170559945
0,0,0,4.94875989037817,0.693147180559945,0,0.693147180559945,9.74472626015119,9.74472626015119,0,0,0.99999998,0.693147170559945
0,1.6094379124341,0.489020981382304,6.29931682634915,1.94591014905531,4.00733318523247,0.587786664902119,9.74466765552726,9.74466765552726,0,0,48.500000388,3.90197267741303
0,0,0,8.3187422526924,1.6094379124341,0,0.693147180559945,8.13798045445214,8.13798045445214,0,0,1.000000238,0.693147299559938
0,0.693147180559945,0.609960483059208,7.67136092319064,1.6094379124341,2.99573227355399,0.693147180559945,9.74390548271166,9.74390548271166,0,0,12.99999987,2.63905732032954
0,1.38629436111989,0.628608659422374,7.02264524485609,1.6094379124341,1.6094379124341,0.405465108108164,9.74143910058173,9.74143910058173,1,0.111111127444447,7.999998677,2.19722443033621
0,2.19722457733622,0.564403605736129,6.56901380296365,1.6094379124341,4.70048036579242,0.367724779817625,6.03068526026126,6.03068526026126,1,0.0114285715625729,86.4999989740515,4.47163878163844
0,0,0,8.30967689598773,1.6094379124341,0,0.693147180559945,8.12503909736775,8.12503909736775,1,0.166666692472226,4.999999071,1.79175931439471
0,1.38629436111989,0.305503207004881,7.10906213568717,1.6094379124341,3.55534806148941,0.559615787935423,5.99645208861902,5.99645208861902,0,0,842.00000014,6.73696695816793
0,0,0,8.46884293047519,1.6094379124341,0,0.693147180559945,5.98393628068719,5.98393628068719,0,0,632.5000010725,6.45126000145417
0,3.04452243772342,0.55672230413145,6.55535689181067,1.79175946922805,6.00388706710654,0.356674944238732,5.97888576490112,5.97888576490112,1,0.00371057518243432,268.499996856,5.596568378683
0,0,0,4.91998092582813,1.38629436111989,1.94591014905531,0.693147180559945,6.0330862217988,6.0330862217988,0,0,1.500000032,0.916290744674155
0,0,0,5.73979291217923,1.38629436111989,0,0.693147180559945,5.98141421125448,5.98141421125448,0,0,2.99999989,1.38629433361989
0,0.693147180559945,0.693147180559945,7.7299550874567,1.6094379124341,2.70805020110221,0.405465108108164,6.00141487796115,6.00141487796115,0,0,5.999999079,1.94591001748388
0,0,0,8.31825432879885,1.6094379124341,0,0.693147180559945,6.03548143252476,6.03548143252476,0,0,224.000000744,5.41610040551109
0,1.09861228866811,0.446852794754454,7.91498300584839,1.79175946922805,1.38629436111989,0.287682072201781,6.00881318544259,6.00881318544259,1,0.086956514196598,10.5000009975,2.44234712210833
0,1.79175946922805,0.551139449062134,7.15043998576469,1.79175946922805,1.94591014905531,0.405465108108164,9.74179181353583,9.74179181353583,0,0,21.4999989846268,3.11351526408268
0,3.29583686600433,0.55814854920979,6.66199681625771,1.94591014905531,6.25382881157547,0.393042587784607,9.73601519859238,9.73601519859238,1,0.00205128206433418,486.49999689808,6.18929028407499
0,0,0,7.99631723179675,1.79175946922805,0,0.693147180559945,9.72877695874351,9.72877695874351,0,0,59.000000659,4.09434457320543
0,0,0,5.40717177146012,1.38629436111989,0,0.693147180559945,9.73707871420222,9.73707871420222,0,0,10.999999989,2.48490664887133
0,1.6094379124341,0.556881234736274,6.9950332870892,1.94591014905531,0,0.336472236621213,9.73115592977152,9.73115592977152,0,0,33.5000008365,3.54095934828369
0,1.6094379124341,0.627630078901936,6.84736812896704,1.94591014905531,2.56494935746154,0.470003629245736,9.73074001817645,9.73074001817645,0,0,23.500001197,3.19867316640782
0,0,0,6.16331480403464,1.6094379124341,1.94591014905531,0.693147180559945,6.01126717440416,6.01126717440416,1,0.0141843971701625,69.499999965,4.25561270932177
0,0,0,6.00881318544259,1.6094379124341,2.30258509299405,0.693147180559945,6.00881318544259,6.00881318544259,0,0,5.000000026,1.79175947356139
0,0,0,6.00881318544259,1.6094379124341,2.07944154167984,0.693147180559945,9.72621323696369,9.72621323696369,0,0,1.999999848,1.09861223800144
0,2.94443897916644,0.67558963956044,5.97421129886671,1.94591014905531,7.23849684089437,0.351397887134185,9.73441780141792,9.73441780141792,0,0,31.5000003425407,3.4812400998754
0,0,0,5.91620206260743,1.6094379124341,0,0.693147180559945,8.13973227971767,8.13973227971767,0,0,5.50000005,1.8718021845939
0,0,0,5.91350300563827,1.6094379124341,0.693147180559945,0.693147180559945,8.13885675069633,8.13885675069633,0,0,73.500000048,4.31079912602981
0,0,0,5.66642668811243,1.6094379124341,2.07944154167984,0.693147180559945,8.12769985281777,8.12769985281777,0,0,0.999999936,0.693147148559945
0,1.09861228866811,0.483898345895008,5.61191082090612,1.6094379124341,3.13549421592915,0.693147180559945,8.12740456269308,8.12740456269308,1,0.00469483568300124,211.999999897917,5.36129216523016
0,0,0,6.28785856016178,1.79175946922805,1.94591014905531,0.693147180559945,8.12563098847706,8.12563098847706,0,0,2.999999904,1.38629433711989
0,0,0,6.2841341610708,1.79175946922805,0.693147180559945,0.693147180559945,8.12326131912175,8.12326131912175,0,0,1.000000065,0.693147213059945
0,0.693147180559945,0.479492152368265,5.26269018890489,1.09861228866811,4.07753744390572,0.693147180559945,8.12385426310591,8.12385426310591,0,0,23.000000064,3.17805383301461
0,0,0,7.66996199547358,1.09861228866811,0.693147180559945,0.693147180559945,8.12296471523406,8.12296471523406,0,0,24.99999957,3.25809652148302
0,2.30258509299405,0.664492527392411,6.33452219508753,1.94591014905531,5.5683445037611,0.641853886172395,9.73180915584065,9.73180915584065,1,0.0526315809210527,17.9999992875,2.94443894166644
0,0.693147180559945,0.628065070638091,6.67645353996646,1.09861228866811,3.04452243772342,0.693147180559945,8.12444685571585,8.12444685571585,0,0,8.49999996,2.25129179439597
0,0,0,5.26269018890489,1.09861228866811,3.25809653802148,0.693147180559945,8.12474302038557,8.12474302038557,0,0,7.999999968,2.19722457378066
0,2.56494935746154,0.519824008989392,6.62926163255427,1.94591014905531,6.28785856016178,0.613104472803076,9.72871741189501,9.72871741189501,1,0.0169491523775555,58.0000005737294,4.07753745362995
0,0,0,3.52636052461616,1.6094379124341,0,0.693147180559945,9.73873082692165,9.73873082692165,0,0,0.99999999,0.693147175559945
0,0,0,3.52636052461616,1.6094379124341,0,0.693147180559945,9.73867186987184,9.73867186987184,0,0,2.000000013,1.09861229300144
0,0.693147180559945,0.308991836975279,5.65599181081985,1.94591014905531,4.26267987704132,0.693147180559945,7.64396194900253,7.64396194900253,1,0.0169491525366274,58.00000002,4.0775374442447
0,0,0,6.73221070646721,1.94591014905531,1.09861228866811,0.693147180559945,9.74378817377845,9.74378817377845,0,0,6.499999794,2.0149029930756
0,0,0,6.73459165997295,1.94591014905531,0.693147180559945,0.693147180559945,9.73079944471041,9.73079944471041,0,0,7.00000014,2.07944155917984
0,0.693147180559945,0.551300501280108,5.33030041240109,1.6094379124341,4.93447393313069,0.693147180559945,7.64826303090192,7.64826303090192,0,0,14.5000000605,2.74084002782843
0,0,0,6.42162226780652,1.6094379124341,4.7361984483945,0.693147180559945,8.14002395246292,8.14002395246292,0,0,12.999999732,2.6390573104724
0,0.693147180559945,0.464785525466634,4.68675017298051,1.6094379124341,4.91265488573605,0.693147180559945,9.74372951415092,9.74372951415092,0,0,3.50000005,1.50407740788739
0,0,0,2.19722457733622,1.09861228866811,0,0.693147180559945,9.7258549852283,9.7258549852283,0,0,0.5,0.405465108108164
0,1.09861228866811,0.691626420790764,2.45673577310702,0.693147180559945,3.73766961828337,0.510825623965991,7.57967882309046,7.57967882309046,0,0,15.0000000046875,2.77258872253275
0,2.30258509299405,0.644319222626338,5.2786247332023,1.79175946922805,6.49526555593701,0.693147180559945,9.743612184572,9.743612184572,0,0,9.4999994225,2.35137520216348
0,1.09861228866811,0.515638391796079,5.25401710747724,1.6094379124341,3.52636052461616,0.693147180559945,7.65302041380419,7.65302041380419,1,0.0540540540454779,17.5000000029352,2.91777073224294
0,1.38629436111989,0.639808209412277,5.03532790668663,1.79175946922805,5.09375020080676,0.693147180559945,7.63385355968177,7.63385355968177,1,0.0219780219471078,44.500000064,3.8177123273635
0,1.79175946922805,0.464212462764631,5.7148323107329,1.6094379124341,4.7361984483945,0.606135803388497,7.63094658089046,7.63094658089046,1,0.0115606936030508,85.5000002885733,4.46014441727394
0,1.09861228866811,0.596733588219851,2.66258782679289,1.09861228866811,0,0.287682072201781,9.72603412713903,9.72603412713903,0,0,21.499999994625,3.11351530897149
0,1.09861228866811,0.679708785954216,2.73002910760359,1.09861228866811,1.38629436111989,0.510825623965991,7.58120982619635,7.58120982619635,0,0,23.4999999985349,3.19867311749088
0,1.38629436111989,0.682892385422231,5.77610313623583,1.79175946922805,2.94443897916644,0.693147180559945,7.57814547241947,7.57814547241947,1,0.12499999671875,7.00000021,2.07944156792984
0,1.09861228866811,0.683517987326572,5.70044357339069,1.6094379124341,3.89182029811063,0.693147180559945,7.64539769942863,7.64539769942863,1,0.0769230758224852,12.000000186,2.56494937176923
0,0.693147180559945,0.631958189610957,5.45745558788633,1.6094379124341,2.70805020110221,0.405465108108164,7.6515955738576,7.6515955738576,0,0,4.999999946,1.79175946022805
0,0,0,6.2709884318583,1.6094379124341,0,0.693147180559945,9.7440227778851,9.7440227778851,0,0,0.999999792,0.69314707655994
0,0,0,6.2709884318583,1.6094379124341,1.09861228866811,0.693147180559945,9.74396413201815,9.74396413201815,1,0.133333333902222,6.499999968,2.0149030162756
0,0,0,6.26909628370626,1.6094379124341,0,0.693147180559945,7.64300363556072,7.64300363556072,0,0,4.999999982,1.79175946622806
0,0,0,6.26909628370626,1.6094379124341,0,0.693147180559945,7.6425241342329,7.6425241342329,0,0,0.999999891,0.693147126059944
0,0,0,6.26909628370626,1.6094379124341,0.693147180559945,0.693147180559945,9.73878978049572,9.73878978049572,0,0,3.5000001455,1.50407742910961
0,0,0,6.3261494731551,1.6094379124341,0,0.693147180559945,9.73648801183996,9.73648801183996,1,0.40000000384,1.499999976,0.916290722274155
0,0,0,6.3261494731551,1.6094379124341,0,0.693147180559945,9.73642892240809,9.73642892240809,0,0,1.00000017,0.693147265559942
0,0,0,6.3261494731551,1.6094379124341,1.6094379124341,0.693147180559945,9.73636982948445,9.73636982948445,0,0,1.00000017,0.693147265559942
0,0,0,5.98393628068719,1.38629436111989,2.19722457733622,0.693147180559945,7.63433723562832,7.63433723562832,0,0,2.99999997,1.38629435361989
0,0,0,6.05208916892442,1.6094379124341,0,0.693147180559945,7.58222919427646,7.58222919427646,0,0,2.000000156,1.09861234066811
0,0,0,6.05208916892442,1.6094379124341,1.94591014905531,0.693147180559945,7.58171964012531,7.58171964012531,0,0,24.000000176,3.2188758319082
0,2.39789527279837,0.342076710746831,6.44586410913404,1.94591014905531,5.01727983681492,0.646627164877433,7.62657020629066,7.62657020629066,1,0.00466200468541064,213.499998923085,5.36830973334749
0,2.484906649788,0.567517051718334,6.05541695909526,1.94591014905531,1.6094379124341,0.287682072201781,7.61923341622681,7.61923341622681,1,0.00970873779663567,102.000000715492,4.63472899517616
0,2.70805020110221,0.660895200523589,5.16364246322143,1.6094379124341,0,0.0645385214500712,7.61332497954064,7.61332497954064,0,0,31.4999990745,3.48124006085877
0,3.04452243772342,0.682287789226477,5.46120527566446,1.94591014905531,5.25227342804663,0.287682072201781,7.60589000105312,7.60589000105312,0,0,92.4999999745173,4.5379614360221
0,0,0,4.52178857704904,1.38629436111989,2.70805020110221,0.693147180559945,7.64730883235624,7.64730883235624,0,0,7.000000007,2.07944154255484
0,2.39789527279837,0.592905721258345,5.77765232322266,1.79175946922805,6.0913098820777,0.693147180559945,7.64156444126097,7.64156444126097,1,0.0333333341566667,28.999999259,3.40119735696216
0,1.79175946922805,0.601506608451902,6.18757942610277,1.94591014905531,2.89037175789616,0.606135803388497,7.58528107863913,7.58528107863913,1,0.0285714287352379,33.9999997993336,3.55534805575609
0,0,0,4.53259949315326,1.6094379124341,2.07944154167984,0.693147180559945,6.18620862390049,6.18620862390049,0,0,50.000000012,3.93182563295962
0,1.09861228866811,0.427459487315936,4.39444915467244,1.6094379124341,4.93447393313069,0.693147180559945,6.16120732169508,6.16120732169508,0,0,11.00000004,2.48490665312133
0,0,0,6.14203740558736,1.6094379124341,4.30406509320417,0.693147180559945,6.0913098820777,6.0913098820777,1,0.12499999925,7.000000048,2.07944154767984
0,0,0,5.82304589548302,1.38629436111989,1.6094379124341,0.693147180559945,9.73186851887531,9.73186851887531,0,0,0.999999983,0.693147172059945
0,0,0,5.76205138278018,1.38629436111989,0,0.693147180559945,7.64204440287326,7.64204440287326,0,0,0.999999958,0.693147159559945
0,2.99573227355399,0.638663990175401,5.6965900040747,1.79175946922805,5.9427993751267,0.470003629245736,7.59538727885397,7.59538727885397,1,0.0124999997175,79.000001808,4.38202665727388
0,0,0,6.02586597382531,1.38629436111989,4.52178857704904,0.693147180559945,8.12237124340655,8.12237124340655,0,0,1.000000204,0.69314728255994
0,0.693147180559945,0.374123269982493,5.8664680569333,1.38629436111989,5.54126354515843,0.405465108108164,8.12622252945853,8.12622252945853,0,0,10.500000192,2.44234705206486
0,0,0,5.67675380226828,1.38629436111989,4.52178857704904,0.693147180559945,8.12266802334641,8.12266802334641,0,0,8.999999985,2.30258509149405
0,0.693147180559945,0.675815924738005,4.59005654817804,1.38629436111989,5.47646355193151,0.405465108108164,9.73631073306863,9.73631073306863,0,0,11.500000005,2.52572864470826
0,3.36729582998647,0.613616052257365,6.91301727238005,1.94591014905531,6.98286275146894,0.482851771617202,9.7279429800212,9.7279429800212,1,0.00677966119106282,146.49999621194,4.99382815009811
0,3.25809653802148,0.411665645648604,5.25769567227885,1.6094379124341,6.56244409369372,0.379489622020693,6.08904487544685,6.08904487544685,0,0,1419.49999799371,7.25876419988186
0,0,0,4.43081679884331,1.6094379124341,4.55387689160054,0.693147180559945,9.73329217554001,9.73329217554001,0,0,2.000000038,1.09861230133478
0,0.693147180559945,0.464785525466634,5.24702407216049,1.38629436111989,4.98360662170834,0.693147180559945,7.64683139143048,7.64683139143048,0,0,6.999999993,2.07944154080484
0,0.693147180559945,0.693147180559945,4.81218435537242,1.6094379124341,3.93182563272433,0.405465108108164,6.1527326947041,6.1527326947041,0,0,8.000000062,2.19722458422511
0,0,0,5.44241771052179,1.09861228866811,1.09861228866811,0.693147180559945,6.12468339089421,6.12468339089421,0,0,13.99999995,2.70805019776888
0,1.09861228866811,0.665978753543789,5.3343278039103,1.6094379124341,0,0.693147180559945,6.09807428216624,6.09807428216624,0,0,8.00000025720759,2.19722460591484
0,0.693147180559945,0.693147180559945,5.57405336798142,1.6094379124341,1.09861228866811,0.405465108108164,7.62070508683826,7.62070508683826,0,0,4.0000002,1.6094379524341
0,0,0,4.27666611901606,1.6094379124341,1.38629436111989,0.693147180559945,6.12686918411419,6.12686918411419,0,0,23.5000000005,3.19867311757109
0,0,0,4.23410650459726,1.6094379124341,1.38629436111989,0.693147180559945,6.12905021006055,6.12905021006055,0,0,17.499999988,2.91777073143563
0,0,0,4.51085950651685,1.6094379124341,1.38629436111989,0.693147180559945,6.12249280951439,6.12249280951439,0,0,25.500000015,3.27714473355821
0,0,0,6.54821910276237,1.6094379124341,0,0.693147180559945,8.13914867888407,8.13914867888407,0,0,0.99999984,0.693147100559942
0,1.94591014905531,0.517263383649609,5.87493073085203,1.6094379124341,5.65248918026865,0.6190392083293,6.17586727010576,6.17586727010576,1,0.000484027105513809,2065.0000000175,7.63336964968805
0,1.09861228866811,0.670071177339713,6.14347007066043,1.6094379124341,1.09861228866811,0.510825623965991,6.10479323241498,6.10479323241498,0,0,39.4999999558336,3.70130197302196
0,0.693147180559945,0.631958189610957,6.4377516497364,1.6094379124341,1.6094379124341,0.693147180559945,6.11146733950268,6.11146733950268,0,0,9.999999984,2.39789527134383
0,0,0,5.69035945432406,1.6094379124341,0,0.693147180559945,9.7361925297588,9.7361925297588,0,0,1.000000145,0.693147253059943
0,0,0,4.58496747867057,1.6094379124341,0.693147180559945,0.693147180559945,7.62119516280984,7.62119516280984,0,0,3.999999961,1.6094379046341
0,0,0,4.81218435537242,1.6094379124341,0.693147180559945,0.693147180559945,9.73808210811849,9.73808210811849,0,0,3.99999997,1.6094379064341
0,0.693147180559945,0.615985788074826,5.03043792139244,1.6094379124341,1.94591014905531,0.405465108108164,6.13988455222626,6.13988455222626,0,0,207.500000008,5.33993904127723
0,2.30258509299405,0.476850683328455,5.69843486832961,1.6094379124341,5.94017125272043,0.53062825106217,6.20657592672493,6.20657592672493,0,0,485.000000298,6.18620862451366
0,1.38629436111989,0.646638206197431,6.09975825674325,1.6094379124341,2.94443897916644,0.693147180559945,6.14846829591765,6.14846829591765,0,0,56.5000001745,4.05178495083809
0,1.09861228866811,0.633774781073266,6.15556555771769,1.6094379124341,1.09861228866811,0.693147180559945,6.12029741895095,6.12029741895095,0,0,30.5000003283384,3.44998755625503
0,0,0,6.93537044601511,1.6094379124341,0,0.693147180559945,9.72883650204639,9.72883650204639,0,0,8.500000418,2.25129184260649
0,1.09861228866811,0.0895886548706174,5.94017125272043,1.6094379124341,4.8283137373023,0.693147180559945,6.13556489108174,6.13556489108174,0,0,164.4999996915,5.10897119295307
0,1.09861228866811,0.67388757735949,5.40417775709759,1.6094379124341,2.94443897916644,0.693147180559945,7.63626960337937,7.63626960337937,0,0,17.9999998412892,2.94443897081324
0,0,0,5.88332238848828,1.6094379124341,1.38629436111989,0.693147180559945,6.11368217983223,6.11368217983223,0,0,0.999999968,0.693147164559945
0,0,0,5.52146091786225,1.6094379124341,0,0.693147180559945,6.15485809401642,6.15485809401642,0,0,1.9999999965,1.09861228750144
0,0,0,5.51342874616498,1.6094379124341,3.36729582998647,0.693147180559945,7.64587582518481,7.64587582518481,0,0,2.000000002,1.09861228933478
0,0,0,2.70805020110221,1.79175946922805,1.38629436111989,0.693147180559945,8.1610895128458,7.43661726523423,0,0,6.000000006,1.94591014991246
0,1.09861228866811,0.678879790165284,6.68669289391333,1.94591014905531,5.04985600724954,0.693147180559945,5.62401750618734,5.0998664278242,0,0,17.4999991907286,2.91777068833988
0,3.29583686600433,0.662779166339685,5.77661979871177,1.94591014905531,7.5999019592085,0.341749293432583,7.91899248816525,7.16549347506085,1,0.0196078444347631,49.9999966251813,3.93182556655141
0,0,0,2.94443897916644,0.693147180559945,0.693147180559945,0.693147180559945,5.62762111369064,5.10594547390058,0,0,0.500000004,0.405465110774831
0,0,0,2.99573227355399,0.693147180559945,0,0.693147180559945,5.62401750618734,5.0998664278242,0,0,0,0
0,0,0,1.38629436111989,1.79175946922805,4.87519732320115,0.693147180559945,5.6021188208797,5.06259503302697,0,0,0.4999999995,0.405465107774831
0,0,0,6.02586597382531,1.79175946922805,3.91202300542815,0.693147180559945,5.58724865840025,5.03695260241363,0,0,1.000000204,0.69314728255994
0,0,0,6.78105762593618,1.79175946922805,1.6094379124341,0.693147180559945,5.605802066296,5.06890420222023,0,0,12.99999976,2.6390573124724
0,0,0,5.8171111599632,1.09861228866811,3.40119738166216,0.693147180559945,5.5683445037611,5.00394630594546,0,0,2.4999999775,1.2527629620668
0,0.693147180559945,0.693147180559945,4.29728540621879,1.94591014905531,2.56494935746154,0.405465108108164,5.5834963087817,5.03043792139244,1,0.12500000015625,6.99999999,2.07944154042984
0,0.693147180559945,0.693147180559945,4.24132675257075,1.94591014905531,5.48479693349065,0.405465108108164,5.57594910314632,5.01727983681492,0,0,8.9999999785,2.30258509084405
0,2.77258872223978,0.651401359964592,4.37260741275739,1.94591014905531,7.59186171488993,0.117783035656383,8.14931284363534,7.43602781635185,1,0.0253164558743791,38.499999722,3.6763006648691
0,0,0,2.70805020110221,1.79175946922805,4.87519732320115,0.693147180559945,5.59098698051086,5.04342511691925,0,0,0.999999994,0.693147177559945
0,0,0,1.79175946922805,1.79175946922805,1.38629436111989,0.693147180559945,8.16137502319749,7.43720636687129,0,0,2,1.09861228866811
0,0,0,1.79175946922805,1.79175946922805,4.87519732320115,0.693147180559945,5.59471137960184,5.04985600724954,1,0.333333333333333,2,1.09861228866811
0,0,0,5.32787616878958,1.79175946922805,4.87519732320115,0.693147180559945,5.59842195899838,5.05624580534831,0,0,2.00000009,1.09861231866811
0,1.09861228866811,0.690760613472893,5.66064298187957,1.79175946922805,5.37989735354046,0.287682072201781,7.92262357421729,7.17011954344963,1,0.0666666665005769,14.0000000373702,2.70805020359356
0,1.6094379124341,0.693147180559945,5.80994267048459,1.79175946922805,5.84354441703136,0.470003629245736,8.14467918344776,7.4265490723973,0,0,5.000000745,1.79175959339471
0,0,0,4.99043258677874,1.38629436111989,3.66356164612965,0.693147180559945,8.16308637558322,7.43779512167193,0,0,14.000000006,2.70805020150221
0,0,0,5.15905529921453,1.6094379124341,1.79175946922805,0.693147180559945,7.56268124672188,7.35691824235602,1,0.333333326444445,2.000000062,1.09861230933478
0,0,0,5.47227067367148,1.6094379124341,1.09861228866811,0.693147180559945,7.92153563213355,7.16780918431644,0,0,2.000000103,1.09861232300144
0,0,0,5.02388052084628,1.38629436111989,4.86753445045558,0.693147180559945,7.92117272158701,7.16703787691222,0,0,7.499999974,2.14006616043745
0,0,0,6.35957386867238,1.6094379124341,0,0.693147180559945,7.9208096792886,7.16626597413364,1,0.142857137183674,6.000000278,1.9459101887696
0,0,0,3.71357206670431,1.79175946922805,4.89783979995091,0.693147180559945,5.60947179518496,5.07517381523383,0,0,16,2.83321334405622
0,0,0,6.65801104587075,1.79175946922805,3.2188758248682,0.693147180559945,8.13973227971767,7.42356844425917,0,0,1.499999949,0.916290711474155
0,1.09861228866811,0.0918114390701188,5.24702407216049,1.09861228866811,4.74493212836325,0.693147180559945,8.13211877295581,6.98471632011827,0,0,45.4999999545,3.83945231161482
0.693147180559945,2.89037175789616,0.685565828599159,5.17865757062832,2.19722457733622,6.92755790627832,0.405465108108164,7.90912218321141,7.28344822875663,1,0.0434782617269217,21.9999995464584,3.13549419620995
0,0,0,5.48479693349065,1.6094379124341,4.67282883446191,0.693147180559945,8.16280135349207,7.05358572719368,0,0,3,1.38629436111989
0,0,0,5.65599181081985,1.6094379124341,4.67282883446191,0.693147180559945,8.1426451859428,7.01571242048723,1,0.117647058719723,7.5000000075,2.14006616437862
0,1.38629436111989,0.693147180559945,4.46590811865458,1.94591014905531,6.18414889093748,0.22314355131421,7.97590836016554,2.30258509299405,0,0,4.000000008,1.6094379140341
0,0,0,4.85981240436167,1.38629436111989,4.82028156560504,0.693147180559945,7.90211754627645,7.18538701558042,0,0,1.5,0.916290731874155
0,0.693147180559945,0.353245470411139,5.41610040220442,1.94591014905531,2.77258872223978,0.693147180559945,7.57353126274595,5.79909265446053,0,0,28.99999984,3.40119737632882
0,0,0,4.20469261939097,0.693147180559945,0,0.693147180559945,7.57507169950756,5.80814248998044,0,0,7.999999986,2.19722457578066
0,0,0,4.07753744390572,0.693147180559945,0,0.693147180559945,7.57353126274595,5.79909265446053,1,1,0,0
0,0,0,4.15888308335967,1.38629436111989,2.30258509299405,0.693147180559945,8.16166045205628,7.05272104923232,1,0.499999998,1.000000008,0.693147184559945
0,0,0,4.24849524204936,1.38629436111989,4.82028156560504,0.693147180559945,8.14235427684983,7.01481435127554,1,0.166666666888889,4.999999992,1.79175946789472
0,1.94591014905531,0.397834710527579,3.61861025838232,1.6094379124341,6.67329796776765,0.356674944238732,8.14177220465645,7.01301578963963,0,0,89.9999999696299,4.51085950618311
0,0,0,3.71357206670431,0.693147180559945,0,0.693147180559945,8.14293601043227,7.01660968389422,0,0,5,1.79175946922805
0,0,0,3.61091791264422,0.693147180559945,0,0.693147180559945,8.14235427684983,7.01481435127554,0,0,0,0
0,1.09861228866811,0.489023908921142,4.99721227376411,1.38629436111989,5.6021188208797,0.510825623965991,7.568895663407,5.77144112313002,1,0.040816326427322,23.500000062,3.19867312008129
0,0.693147180559945,0,2.01490302054226,0.693147180559945,0,0.405465108108164,8.13446757027756,6.99209642741589,1,1,0,0
0,0,0,6.15909538849193,1.09861228866811,2.30258509299405,0.693147180559945,7.90248743716286,7.18614430452233,0,0,16.000000196,2.83321335558563
0,0,0,6.1527326947041,1.09861228866811,0,0.693147180559945,7.90174751852014,7.18462915271731,0,0,6.999999937,2.07944153380484
0,1.09861228866811,0.686912771958114,5.35027710563698,0.693147180559945,0,0.693147180559945,8.13329386122263,6.98841318199959,1,0.0277777778575892,34.9999998965644,3.5835189355829
0,0,0,6.04737217904628,0.693147180559945,0,0.693147180559945,8.13094230223188,6.98100574072173,0,0,5.000000113,1.79175948806139
0,0,0,6.04025471127741,0.693147180559945,0,0.693147180559945,8.13064796816058,6.98007594056176,0,0,2.00000013,1.09861233200144
0,0,0,6.04025471127741,0.693147180559945,1.09861228866811,0.693147180559945,8.12976444579417,6.97728134163075,0,0,68.0000000205,4.23410650489436
0,0.693147180559945,0.193574516580314,5.62941805936734,0.693147180559945,0,0.405465108108164,8.13446757027756,6.99209642741589,0,0,29.499999915,3.41772668082648
0,0,0,4.48863636973214,0.693147180559945,0,0.693147180559945,8.13241267450091,6.98564181763921,0,0,4.000000004,1.6094379132341
0,0,0,4.46590811865458,0.693147180559945,0,0.693147180559945,8.13211877295581,6.98471632011827,1,1,0,0
0,0.693147180559945,0.69232868218152,2.52572864430826,1.38629436111989,3.63758615972639,0.693147180559945,7.92407232492342,7.20414929203594,0,0,10.5000000085,2.44234703610833
0,0,0,5.37527840768417,0.693147180559945,1.94591014905531,0.693147180559945,8.14322675036744,7.01750614294126,0,0,0.5000000225,0.405465123108164
0,0,0,5.30826769740121,0.693147180559945,0,0.693147180559945,8.13622555490846,6.99668148817654,1,1,0,0
0,0,0,4.75359019110636,0.693147180559945,1.09861228866811,0.693147180559945,8.13035354743124,6.97914527506881,1,0.00913242009007319,108.500000015,4.69592454939354
0,0,0,4.88280192258637,0.693147180559945,0,0.693147180559945,8.13035354743124,6.97914527506881,1,1,0,0
0,1.38629436111989,0.482072420640323,5.43481311113657,1.6094379124341,1.94591014905531,0.693147180559945,8.13622555490846,6.99668148817654,1,0.00299850074767414,332.500000217,5.80964286600635
0,0,0,4.8283137373023,1.6094379124341,4.79579054559674,0.693147180559945,8.13944052187461,7.00669522683704,0,0,4.999999982,1.79175946622806
0,0,0,5.46806014113513,1.79175946922805,4.71849887129509,0.693147180559945,8.16337131645991,7.05444965813294,0,0,3.000000022,1.38629436661989
0,0,0,4.9416424226093,1.09861228866811,1.38629436111989,0.693147180559945,7.9229859587112,7.20191631753163,0,0,2.4999999985,1.2527629680668
0,0,0,5.90808293816893,1.09861228866811,1.38629436111989,0.693147180559945,7.92334821193015,7.20266119652324,0,0,0.9999999485,0.693147154809945
0,0,0,5.24702407216049,1.09861228866811,0,0.693147180559945,7.57455848420248,5.80513496891649,1,0.11764705799308,7.50000006,2.14006617055509
0,0,0,5.37989735354046,1.09861228866811,0,0.693147180559945,7.57198844937744,5.78996017089725,0,0,26.49999996,3.31418600321798
0,0,0,5.21493575760899,1.09861228866811,0,0.693147180559945,7.57147364885127,5.78689738136671,0,0,0.5000000115,0.405465115774831
0,0,0,5.21493575760899,1.09861228866811,0.693147180559945,0.693147180559945,7.57095858316901,5.78382518232974,0,0,1.000000023,0.693147192059945
0,0,0,5.14749447681345,1.09861228866811,1.79175946922805,0.693147180559945,7.56941179245071,5.77455154554441,1,0.0555555556496914,16.9999999695,2.89037175620172
0,0,0,5.14166355650266,1.09861228866811,0.693147180559945,0.693147180559945,5.63121178182137,4.7361984483945,0,0,3.00000003,1.38629436861989
0,2.19722457733622,0,4.57928241499035,0.693147180559945,0,0.105360515557826,7.568895663407,5.77144112313002,1,1,0,0
0,0.693147180559945,0.451420237042785,5.13579843705026,1.09861228866811,1.94591014905531,0.693147180559945,7.57044325205737,5.78074351579233,0,0,44.50000009,3.81771232793493
0,0,0,5.21493575760899,1.09861228866811,0,0.693147180559945,7.5740450053722,5.80211837537706,0,0,4.999999932,1.79175945789472
0,1.38629436111989,0.624482504675211,6.18156824434399,1.94591014905531,5.44241771052179,0.559615787935423,7.92044650514261,7.20117088328168,1,0.0689655197336505,13.499999476,2.6741486132886
0,2.30258509299405,0.554300815316097,4.56434819146784,1.79175946922805,6.19644412779452,0.470003629245736,8.13914867888407,7.0057890192535,1,0.0196078431180315,50.00000005,3.93182563370472
0.693147180559945,3.68887945411394,0.652544256312879,5.24518026813491,1.94591014905531,8.13329386122263,0.388657989791783,8.16080392095467,7.49831587076698,1,0.0114285716938449,86.499997969,4.47163877015214
0,0,0,5.93489419561959,1.6094379124341,4.83628190695148,0.693147180559945,6.94793706861497,6.45519856334012,0,0,2.00000008,1.09861231533478
0,0,0,5.91079664404053,1.79175946922805,3.63758615972639,0.693147180559945,6.93925394604151,6.44413125670044,0,0,8.499999968,2.25129179523807
0,0,0,4.21950770517611,1.38629436111989,4.79579054559674,0.693147180559945,6.94119005506837,6.44730586254121,0,0,0.999999991,0.693147176059945
0,0,0,5.94542060860658,1.6094379124341,3.89182029811063,0.693147180559945,6.94601399109923,6.45362499889269,0,0,2.000000064,1.09861231000144
0,0,0,4.62497281328427,1.09861228866811,4.76217393479776,0.693147180559945,6.94022246911964,6.44571981938558,1,0.11764705916263,7.4999999755,2.14006616061392
0,1.09861228866811,0,5.34710753071747,1.6094379124341,3.73766961828337,0.510825623965991,6.94505106372583,6.45204895443723,1,0.500000052000005,0.999999792,0.69314707655994
0,0.693147180559945,0.240110466089123,4.62497281328427,1.79175946922805,5.48893772615669,0.693147180559945,8.16223106548118,6.48157712927643,1,0.0444444444701235,21.499999987,3.1135153086326
0,0,0,5.37527840768417,1.79175946922805,3.09104245335832,0.693147180559945,8.13476078241865,6.47697236288968,1,0.0363636363504132,26.50000001,3.31418600503616
0,0,0,6.59304453414244,1.79175946922805,3.89182029811063,0.693147180559945,8.16365617616843,6.48463523563525,0,0,0.999999918,0.693147139559944
0,0,0,3.43398720448515,1.6094379124341,0.693147180559945,0.693147180559945,5.63478960316925,1.09861228866811,0,0,0.99999999,0.693147175559945
0,0,0,3.43398720448515,1.38629436111989,0,0.693147180559945,8.16251625014018,6.4831073514572,0,0,2.49999999,1.25276296563823
0,0,0,4.77068462446567,1.6094379124341,0.693147180559945,0.693147180559945,8.34307787116938,8.34260168068419,0,0,67.500000009,4.22683374539957
0,3.25809653802148,0.621978562960247,5.67371969923484,2.77258872223978,7.22693601849329,0.633723760293226,8.02617019494643,8.01763715990848,0,0,120.49999826161,4.79991424847287
0,0,0,4.57471097850338,0.693147180559945,1.94591014905531,0.693147180559945,7.96276393016811,7.9550742732627,0,0,3.499999968,1.50407738966516
0,1.6094379124341,0.500560928575532,5.05624580534831,2.56494935746154,5.08140436498446,0.693147180559945,7.9402277651457,7.93236215433975,0,0,15.99999999,2.83321334346798
0,0,0,3.58351893845611,1.79175946922805,3.46573590279973,0.693147180559945,8.57168137670031,8.56788630573176,0,0,3.00000001,1.38629436361989
0,0,0,6.25958146406492,1.38629436111989,3.17805383034795,0.693147180559945,8.00770001288403,7.99900721324395,0,0,0.500000049,0.405465140774831
0,0,0,5.91079664404053,1.79175946922805,2.39789527279837,0.693147180559945,8.52813313145457,8.52416880515266,0,0,4.999999992,1.79175946789472
0,2.30258509299405,0.616259175616609,5.54204755147063,2.19722457733622,5.47646355193151,0.641853886172395,7.94413749111411,7.93630269320196,0,0,288.500000375,5.66815529830839
0,0,0,5.75574221358691,1.94591014905531,1.94591014905531,0.693147180559945,7.93808872689695,7.93020620668468,0,0,0.999999945,0.693147153059945
0,1.09861228866811,0.6013888487687,6.30505800128336,1.94591014905531,1.94591014905531,0.287682072201781,7.95050243480885,7.94271754057379,0,0,55.9999998215833,4.04305126470443
0,1.09861228866811,0.688717117806244,4.96051090714733,1.94591014905531,0,0.287682072201781,8.35983738064003,8.35936910622267,0,0,5.00000005117647,1.79175947775747
0,1.38629436111989,0.395511864510754,5.30330490805908,1.94591014905531,4.11087386417331,0.693147180559945,8.35913488675796,8.358666283188,0,0,85,4.45434729625351
0,3.63758615972639,0.664914827360767,5.61437588707491,2.56494935746154,7.56008046502183,0.552068582148525,8.57885257180297,8.57508466983201,1,0.0124223602736445,79.4999998367153,4.38825718239614
0,0,0,5.73009978297357,1.79175946922805,4.86753445045558,0.693147180559945,8.57904059474232,8.57527340249276,0,0,2.5000000075,1.25276297063823
0,0.693147180559945,0.45826088923034,4.74927052996185,2.07944154167984,5.06890420222023,0.693147180559945,7.99260665240021,7.98786409608569,0,0,17.99999998,2.94443897811381
0,0,0,5.49306144334055,2.07944154167984,3.40119738166216,0.693147180559945,7.98480338973441,7.98002359231065,0,0,9.500000037,2.35137526068729
0,0,0,5.03695260241363,1.6094379124341,1.94591014905531,0.693147180559945,8.3228800217699,8.32239411311117,0,0,3.500000001,1.5040773969985
0,2.94443897916644,0.676345734430867,5.65709536077546,2.484906649788,7.39018142822643,0.581921545332074,8.58783803098557,8.58410389669886,0,0,27.0000006534903,3.33220453351414
0,0,0,5.06890420222023,1.09861228866811,2.63905732961526,0.693147180559945,8.58223158759546,8.57847641983314,0,0,5.499999987,1.87180217490159
0,0,0,5.02388052084628,1.09861228866811,0,0.693147180559945,8.5608272284363,8.5569906612903,0,0,8.999999999,2.30258509289405
0,0,0,5.03043792139244,1.09861228866811,1.6094379124341,0.693147180559945,8.56006109164341,8.55622157838371,0,0,2.500000012,1.25276297192394
0,0,0,5.01063529409626,1.09861228866811,4.27666611901606,0.693147180559945,8.52833093582669,8.52436739516424,0,0,27.5000000165,3.34990408785355
0,1.09861228866811,0.48915025342872,5.1455546121898,1.6094379124341,1.38629436111989,0.510825623965991,8.56788630573176,8.56407677731509,0,0,3.00000000058594,1.38629436126638
0,0,0,2.30258509299405,0.693147180559945,0,0.693147180559945,8.56350409427949,8.55967780302239,0,0,0,0
0,0,0,3.93182563272433,1.6094379124341,1.38629436111989,0.693147180559945,8.56331312702979,8.55948610360649,0,0,11.5,2.52572864430826
0,0,0,3.80666248977032,1.6094379124341,4.63472898822964,0.693147180559945,8.52892411429194,8.5249629286806,0,0,8.999999998,2.30258509279405
0,0,0,5.94017125272043,2.07944154167984,2.484906649788,0.693147180559945,8.57016507618234,8.56636423542269,0,0,5.0000001375,1.79175949214472
0,0,0,5.93489419561959,2.07944154167984,2.83321334405622,0.693147180559945,8.52872642722991,8.52476445691256,0,0,1.50000006,0.916290755874155
0,0,0,4.00733318523247,1.79175946922805,4.55387689160054,0.693147180559945,8.56407677731509,8.56025268087669,0,0,8.000000019,2.19722457944733
0,0,0,6.02344759296103,1.79175946922805,0,0.693147180559945,8.36520683441836,8.36474106822456,0,0,6.499999988,2.01490301894226
0,0,0,4.21950770517611,1.6094379124341,3.73766961828337,0.693147180559945,8.52991196382401,8.52595469708481,0,0,1.999999982,1.09861228266811
0,0,0,3.58351893845611,1.6094379124341,4.89783979995091,0.693147180559945,8.58204416373585,8.57828829077605,0,0,1.500000005,0.916290733874155
0,0,0,6.32256523992728,1.79175946922805,0,0.693147180559945,8.56959587020929,8.5657928612523,0,0,5.500000094,1.87180219136313
0,0,0,6.32435896238131,1.79175946922805,2.70805020110221,0.693147180559945,8.56940606286317,8.56560233062392,0,0,21.000000075,3.09104245676741
0,0,0,5.99893656194668,1.79175946922805,3.78418963391826,0.693147180559945,8.36497397843873,8.36450810375059,0,0,5.999999946,1.94591014134103
0,0,0,6.00635315960173,1.94591014905531,2.39789527279837,0.693147180559945,8.36474106822456,8.36427508499152,0,0,1.00000008,0.693147220559944
0,0,0,6.25766758788264,2.07944154167984,3.2188758248682,0.693147180559945,8.57922858233569,8.57546209954021,0,0,34.50000001,3.56953269676306
0,0,0,6.5875500148248,1.6094379124341,3.52636052461616,0.693147180559945,8.57941653459637,8.57565076098781,0,0,2.000000225,1.09861236366811
0,0,0,5.66296048013595,1.79175946922805,3.29583686600433,0.693147180559945,8.35514473946184,8.35467426191846,0,0,0.9999999835,0.693147172309945
0,0,0,6.20455776256869,1.6094379124341,3.49650756146648,0.693147180559945,8.57960445153763,8.57583938684897,0,0,0.999999754,0.693147057559938
0,0,0,4.81218435537242,0.693147180559945,2.70805020110221,0.693147180559945,8.36450810375059,8.36404201192206,1,0.0526315789833795,17.999999987,2.94443897848223
0,0,0,4.69134788222914,0.693147180559945,0,0.693147180559945,8.36404201192206,8.36357570275064,1,0.333333333555556,1.999999998,1.09861228800144
0,0,0,4.67282883446191,0.693147180559945,1.38629436111989,0.693147180559945,8.36380888451688,8.36334246659798,0,0,4.999999966,1.79175946356139
0,0,0,4.62497281328427,0.693147180559945,3.63758615972639,0.693147180559945,8.36124088964235,8.36077327214494,0,0,4.5000000055,1.70474809323843
0,0,0,1.94591014905531,0.693147180559945,0,0.693147180559945,8.35443894011481,8.35396813031327,0,0,0,0
0,0.693147180559945,0.576248037467911,4.28358656186063,0.693147180559945,1.38629436111989,0.693147180559945,8.36334246659798,8.36287583103188,0,0,6.5000000065,2.01490302140893
0,0,0,2.77258872223978,0.693147180559945,1.38629436111989,0.693147180559945,8.36264243156764,8.36217546914963,0,0,1.5,0.916290731874155
0,2.484906649788,0.591048615618127,4.06331245303168,0.693147180559945,4.56434819146784,0.34830669450351,8.35819745992578,8.35772841676521,0,0,32.0000001248659,3.4965075652503
0,1.94591014905531,0.621572320213928,4.50613880536614,2.07944154167984,2.07944154167984,0.53899650056602,8.35443894011481,8.35396813031327,1,0.0487804877592171,19.500000019189,3.02042488708041
0,3.91202300542815,0.397976424447206,4.29810139973612,2.19722457733622,7.21597500265147,0.246860077931526,8.33902300574476,8.33854487998858,1,0.00634920634090199,156.500000206,5.05942545957362
0,2.83321334405622,0,3.32588204437229,0.693147180559945,0,0.0571584134510598,8.33902300574476,8.33854487998858,1,1,0,0
0,0,0,2.56494935746154,0.693147180559945,0,0.693147180559945,8.35819745992578,8.35772841676521,0,0,0,0
0,0,0,2.484906649788,0.693147180559945,0,0.693147180559945,8.36334246659798,8.36287583103188,0,0,0,0
0,2.07944154167984,0.502702995961567,3.80109144472086,1.38629436111989,4.26267987704132,0.485507815781701,8.35255436947459,8.35208267135264,0,0,52.5,3.97968165390196
0,1.38629436111989,0.646149036687581,5.45211083972745,0.693147180559945,2.19722457733622,0.559615787935423,8.35066624052092,8.35019365072007,0,0,15.499999903,2.80336037502775
0,0,0,6.05443934626937,1.09861228866811,2.07944154167984,0.693147180559945,8.580543506917,8.57678198282789,0,0,5.999999975,1.94591014548388
0,3.13549421592915,0.446563468275916,4.40512731275987,2.30258509299405,6.60258789218934,0.361013345749452,8.34972083747249,8.34924780056679,0,0,74.5000001124032,4.32413265774376
0,0,0,5.72358510195238,0.693147180559945,2.30258509299405,0.693147180559945,8.36357570275064,8.36310917603352,0,0,2.9999999775,1.38629435549489
0,0,0,4.12713438504509,1.09861228866811,2.77258872223978,0.693147180559945,8.58802437217683,8.58429093494873,0,0,10.4999999975,2.44234703515181
0,1.38629436111989,0.622810342425701,6.27193316504146,1.6094379124341,4.97673374242057,0.559615787935423,8.36077327214494,8.36030543587909,0,0,13.999999881,2.70805019316888
0,1.09861228866811,0,0,1.79175946922805,5.26785815906333,0.510825623965991,8.53050420547591,8.52654928634026,0,0,0,0
0,0,0,5.01727983681492,0.693147180559945,1.09861228866811,0.693147180559945,8.56388591940822,8.56006109164341,0,0,1.00000005,0.693147205559945
0,0,0,5.84354441703136,1.79175946922805,1.38629436111989,0.693147180559945,8.56807640173081,8.56426759880217,0,0,2.000000004,1.09861229000144
0,0,0,2.56494935746154,0.693147180559945,3.25809653802148,0.693147180559945,8.53070154144103,8.52674740422105,0,0,4.000000002,1.6094379128341
0,2.19722457733622,0,4.6994697543876,0.693147180559945,0,0.105360515557826,8.55043452519604,8.54655780004614,0,0,0,0
0,0,0,7.0833878476253,0.693147180559945,0,0.693147180559945,8.56063574925907,8.5567984460086,0,0,1.000000521,0.693147441059911
0,3.29583686600433,0.470227508557892,5.17949212135492,2.39789527279837,4.86753445045558,0.287682072201781,8.55929436743487,8.55545190353333,1,0.00075046904402164,1331.49999845585,7.19481215488116
0,1.38629436111989,0.643475097614448,5.41832015894273,1.79175946922805,3.52636052461616,0.405465108108164,8.57149196482362,8.56769617358934,0,0,13.499999935,2.67414864494377
0,0,0,4.15888308335967,1.79175946922805,4.81218435537242,0.693147180559945,8.56369502506766,8.55986946569667,0,0,8.9999999775,2.30258509074405
0,0,0,4.24849524204936,0.693147180559945,3.25809653802148,0.693147180559945,8.54188580400661,8.53797573059877,0,0,1.000000026,0.693147193559945
0,0,0,4.29045944114839,0.693147180559945,3.09104245335832,0.693147180559945,8.53109609658523,8.52714352226941,0,0,3.499999992,1.5040773949985
0,0,0,5.84932477994686,0.693147180559945,1.94591014905531,0.693147180559945,8.53089883847235,8.52694548285892,0,0,3.499999849,1.50407736322072
0,0,0,5.8348107370626,0.693147180559945,0.693147180559945,0.693147180559945,8.52674740422105,8.52277756971014,0,0,1.0000000615,0.693147211309945
0,3.55534806148941,0,3.95343910906263,1.38629436111989,5.96614673912369,0.522189382585797,8.55043452519604,8.54655780004614,1,1,0,0
0,0,0,3.29583686600433,0.693147180559945,3.25809653802148,0.693147180559945,8.53129331579502,8.52734152246805,0,0,2.000000002,1.09861228933478
0,0,0,4.57471097850338,0.693147180559945,3.2188758248682,0.693147180559945,8.53227882883428,8.52833093582669,0,0,7.999999968,2.19722457378066
0,0,0,4.21950770517611,0.693147180559945,3.2188758248682,0.693147180559945,8.53149049611706,8.52753948347038,0,0,1.999999982,1.09861228266811
0,0,0,4.18965474202643,0.693147180559945,3.25809653802148,0.693147180559945,8.53168763756669,8.52773740529191,0,0,1.499999995,0.916290729874155
0,0,0,3.95124371858143,0.693147180559945,0,0.693147180559945,8.53188474015923,8.52793528794814,0,0,0,0
0,1.6094379124341,0.677893380643384,4.68213122712422,1.09861228866811,4.26267987704132,0.693147180559945,8.53777982502463,8.53385363230935,0,0,5.999999855,1.94591012834103
0,0,0,4.7361984483945,1.09861228866811,1.94591014905531,0.693147180559945,8.53208180390999,8.52813313145457,0,0,6.9999999825,2.07944153949234
0,0,0,7.08673793451058,1.09861228866811,2.94443897916644,0.693147180559945,8.53267276226462,8.52872642722991,0,0,51.5000002275,3.96081317393091
0,0,0,5.91889385427315,0.693147180559945,3.09104245335832,0.693147180559945,8.53247581494739,8.52852870107998,0,0,6.9999999895,2.07944154036734
0,0,0,5.74300318780948,1.6094379124341,3.04452243772342,0.693147180559945,8.55948610360649,8.55564437779049,0,0,0.999999974,0.693147167559945
0,0,0,6.80128303447162,1.79175946922805,0,0.693147180559945,8.58016799057763,8.57640505104808,0,0,1.000000228,0.693147294559939
0,0,0,6.80128303447162,1.79175946922805,2.63905732961526,0.693147180559945,8.579980179515,8.5762165318657,0,0,2.000000007,1.09861229100144
0,0,0,6.7990558620588,1.79175946922805,2.07944154167984,0.693147180559945,8.52852870107998,8.52456594574565,0,0,14,2.70805020110221
0,0,0,6.07764224334903,1.6094379124341,1.6094379124341,0.693147180559945,8.58091888229678,8.57715877258367,0,0,14.5000000725,2.74084002860262
0,0.693147180559945,0.690157822377731,5.56068163101553,1.6094379124341,2.56494935746154,0.405465108108164,8.57073395834427,8.56693528331105,1,0.0833333341805556,10.999999878,2.48490663962133
0,0,0,6.22257626807137,0.693147180559945,1.6094379124341,0.693147180559945,8.57979233317276,8.57602797713713,0,0,1.000000216,0.69314728855994
0,0,0,6.22257626807137,0.693147180559945,2.07944154167984,0.693147180559945,8.57035473953047,8.56655462095396,0,0,15.5000000785,2.80336038566411
0,0.693147180559945,0.594032741930412,6.86223476368033,1.79175946922805,1.94591014905531,0.693147180559945,8.021256180144,8.0166478770578,0,0,12.000000726,2.56494941330769
0,0,0,7.07749805356923,1.6094379124341,1.38629436111989,0.693147180559945,8.56712556016445,8.56331312702979,0,0,1.500000128,0.916290783074154
0,0,0,7.07665381544395,1.6094379124341,0.693147180559945,0.693147180559945,8.55986946569667,8.55602921520144,1,0.0333333334527778,28.9999998925,3.40119737807882
0,0,0,7.06646697013696,1.6094379124341,2.94443897916644,0.693147180559945,8.52912176228151,8.52516136106541,0,0,15.0000000295,2.77258872408353
0,0,0,6.73221070646721,1.6094379124341,3.09104245335832,0.693147180559945,8.58241897633394,8.57866451350434,1,0.00833333331993056,119.000000193,4.78749174439038
0,0,0,4.68213122712422,1.09861228866811,0.693147180559945,0.693147180559945,8.55967780302239,8.55583681500844,0,0,6.4999999945,2.01490301980893
0,0,0,4.7361984483945,1.09861228866811,4.48863636973214,0.693147180559945,8.52931937121408,8.52535975408263,1,0.0833333331319444,11.000000029,2.48490665220467
0,1.09861228866811,0,5.41610040220442,1.6094379124341,5.56452040732269,0.510825623965991,8.55410354543633,8.55024104546244,0,0,88.499999952,4.4942386247445
0,0.693147180559945,0.65806691188404,6.97354301952014,1.79175946922805,3.68887945411394,0.693147180559945,8.5814816812986,8.57772369115627,0,0,37.499999889,3.65065823841062
0,0.693147180559945,0.689527865734731,6.94793706861497,1.79175946922805,2.70805020110221,0.693147180559945,8.52793528794814,8.52397017569526,0,0,10.0000004,2.39789530916201
0,0,0,6.77422388635761,1.38629436111989,2.99573227355399,0.693147180559945,8.5816692106006,8.57791192645094,0,0,25.500000111,3.27714473718086
0,0,0,6.75343791859778,1.38629436111989,2.63905732961526,0.693147180559945,8.52753948347038,8.52357279838028,0,0,1.000000172,0.693147266559942
0,0,0,2.30258509299405,0.693147180559945,0,0.693147180559945,8.56788630573176,8.56407677731509,0,0,0,0
0,2.30258509299405,0.386947830675808,4.93447393313069,1.94591014905531,6.52502965784346,0.641853886172395,8.56598335558567,8.56216655705897,1,0.00239520958244469,416.49999972,6.03428454362025
0,0,0,5.44241771052179,1.94591014905531,2.83321334405622,0.693147180559945,8.35490952835879,8.35443894011481,0,0,12.99999997,2.6390573274724
0,0,0,3.49650756146648,0.693147180559945,4.49980967033027,0.693147180559945,8.52714352226941,8.52317526309379,0,0,2,1.09861228866811
0,0,0,4.0943445622221,0.693147180559945,4.55387689160054,0.693147180559945,8.56197533418813,8.55814317774519,1,0.39999999824,1.500000011,0.916290736274155
0,0,0,3.43398720448515,0.693147180559945,2.30258509299405,0.693147180559945,8.56216655705897,8.55833513474741,0,0,1.5,0.916290731874155
0,0,0,3.43398720448515,0.693147180559945,4.45434729625351,0.693147180559945,8.52734152246805,8.52337405049132,0,0,2.500000005,1.25276296992394
0,0,0,3.3322045101752,0.693147180559945,4.60517018598809,0.693147180559945,8.56254889313703,8.55871893824474,0,0,8.0000000055,2.19722457794733
0,0,0,3.93182563272433,0.693147180559945,4.55387689160054,0.693147180559945,8.56235774337061,8.55852705490921,0,0,5.5,1.87180217690159
0,0,0,0,1.09861228866811,4.38202663467388,0.693147180559945,8.56312212330464,8.55929436743487,0,0,0,0
0,0,0,5.84643877505772,0.693147180559945,4.55387689160054,0.693147180559945,8.56274000637221,8.55891078476811,0,0,28.4999999475,3.38439026156611
0,0,0,1.79175946922805,0.693147180559945,4.60517018598809,0.693147180559945,8.56293108309009,8.55910259449345,0,0,1,0.693147180559945
0,0,0,3.97029191355212,0.693147180559945,4.48863636973214,0.693147180559945,8.52694548285892,8.52297643617196,0,0,6.000000006,1.94591014991246
0,1.38629436111989,0.551254154713606,5.19434477616506,2.39789527279837,3.98898404656427,0.693147180559945,7.95787735848981,7.95014988765202,0,0,60.9999999945,4.12713438495638
0,2.94443897916644,0.586721015076762,4.92113277824974,2.07944154167984,4.79579054559674,0.387765531330192,7.99699040583765,7.98820359702258,1,0.00917431193474649,107.999999903277,4.69134788134178
0,0,0,5.53733426701854,2.56494935746154,3.36729582998647,0.693147180559945,8.02420748577858,8.01961279440027,0,0,0.4999999785,0.405465093774831
0,0,0,5.53338948872752,2.56494935746154,0,0.693147180559945,8.32263709695394,8.3221510702129,0,0,13.999999986,2.70805020016888
0,0,0,4.44265125649032,1.09861228866811,4.83628190695148,0.693147180559945,8.35467426191846,8.35420356292178,0,0,0.500000004,0.405465110774831
0,0.693147180559945,0.651437205443258,4.27666611901606,2.19722457733622,5.61677109766657,0.405465108108164,8.02191277898571,8.01730750768858,0,0,3.000000062,1.38629437661989
0,0,0,0,0.693147180559945,0,0.693147180559945,7.98718474823347,7.98241634682773,0,0,0,0
0,0,0,2.70805020110221,0.693147180559945,0,0.693147180559945,7.986504938554,7.98173328669189,0,0,0,0
0,0,0,2.63905732961526,0.693147180559945,1.6094379124341,0.693147180559945,7.99057688174392,7.98582466641892,0,0,3.5000000035,1.50407739755405
0,0,0,2.70805020110221,0.693147180559945,0,0.693147180559945,7.98718474823347,7.98241634682773,0,0,0,0
0,0.693147180559945,0.277741023808033,5.89164421182577,2.07944154167984,2.89037175789616,0.693147180559945,8.0149968943483,8.00636756765025,0,0,180.5,5.20125565370491
0,0,0,4.94875989037817,1.94591014905531,2.19722457733622,0.693147180559945,8.02649693894541,8.02191277898571,0,0,4.99999997,1.79175946422805
0,0.693147180559945,0.594032741930412,6.31986860907968,2.19722457733622,1.94591014905531,0.405465108108164,8.02289686960146,8.01829613851552,0,0,1.9999999885,1.09861228483478
0,3.09104245335832,0.658063101008179,5.38052555986418,2.39789527279837,7.74153358928183,0.405465108108164,8.00001409367807,7.99530662029082,0,0,44.0000002050973,3.80666249432804
0,1.6094379124341,0.673059383986872,6.57116303516035,2.70805020110221,4.83628190695148,0.693147180559945,8.56921621948339,8.56541176368671,0,0,12.00000009,2.56494936438461
0,2.39789527279837,0.498486602991276,4.9519784322613,2.19722457733622,7.22183582528845,0.241162057031174,5.40717177146012,5.40717177146012,1,0.0206185567401968,47.4999999078722,3.88156379604389
0,0,0,5.01727983681492,2.30258509299405,4.70953020131233,0.693147180559945,8.00101996132365,7.99226864327075,0,0,1.00000005,0.693147205559945
0,0,0,5.25227342804663,0.693147180559945,2.94443897916644,0.693147180559945,7.96241568012106,7.95472333449791,0,0,8.000000065,2.19722458455844
0,0,0,4.29045944114839,2.19722457733622,4.78749174278205,0.693147180559945,8.00068478451475,7.99193051985248,0,0,2.000000016,1.09861229400144
0,2.63905732961526,0.649375404813841,5.67037341237736,2.63905732961526,6.96979066990159,0.579818495412942,8.00770001288403,8.00302866638473,0,0,49.500000520663,3.92197334659147
0,1.09861228866811,0.679672419869025,5.26441581469994,1.38629436111989,4.17438726989564,0.693147180559945,8.02617019494643,8.02158453345511,1,0.00371057513930537,268.499999988466,5.59656839030625
0,0,0,4.76217393479776,0.693147180559945,3.66356164612965,0.693147180559945,8.02224091680654,8.01763715990848,0,0,11.499999996,2.52572864398826
0,1.09861228866811,0,3.52636052461616,0.693147180559945,0,0.287682072201781,8.02617019494643,8.02158453345511,0,0,0,0
0,0,0,5.2040066870768,0.693147180559945,0,0.693147180559945,8.02812905943176,8.02355239240435,0,0,9.000000017,2.30258509469405
0,1.09861228866811,0.594271261607148,5.32949298385494,1.38629436111989,1.38629436111989,0.287682072201781,8.02780284837031,8.02322468471667,0,0,110.000000246143,4.70953020352984
0,0,0,4.02535169073515,0.693147180559945,0,0.693147180559945,8.02780284837031,8.02322468471667,0,0,0,0
0,0,0,6.43133108193348,2.19722457733622,4.31748811353631,0.693147180559945,7.99023818572036,7.98548435673382,0,0,2.00000003,1.09861229866811
0,2.63905732961526,0.654381799447295,5.61755001495899,2.56494935746154,6.94119005506837,0.496436886400848,8.36892517474713,8.36846113761584,0,0,21.000001823906,3.09104253626313
0,1.6094379124341,0.367940271290044,5.67401031632253,2.30258509299405,6.77764659363512,0.693147180559945,8.00436556497957,7.99564360428727,0,0,448.999999564,6.10924758179548
0,0,0,5.75257263882563,2.07944154167984,3.25809653802148,0.693147180559945,7.9976631270201,7.98888225330923,0,0,0.499999941,0.40546506877483
0,0,0,5.17614973257383,2.19722457733622,0,0.693147180559945,8.01367414283268,8.00503334463711,1,0.0588235293564014,16.000000016,2.83321334499739
0,0,0,3.49650756146648,1.6094379124341,0,0.693147180559945,7.98241634682773,7.97762509878459,0,0,4.5,1.70474809223843
0,0,0,3.40119738166216,1.6094379124341,0,0.693147180559945,7.9820748750812,7.97728198675515,0,0,1.500000002,0.916290732674155
0,0,0,6.36302810354046,2.39789527279837,0,0.693147180559945,8.02027047281924,8.01565761455734,0,0,10.9999997775,2.48490663124633
0,0.693147180559945,0.651437205443258,6.46847482237924,2.63905732961526,2.83321334405622,0.693147180559945,7.99193051985248,7.98718474823347,0,0,4.5000000045,1.70474809305661
0,0.693147180559945,0.46735079922667,6.01004093268092,2.63905732961526,4.43081679884331,0.693147180559945,6.94119005506837,6.93828448401696,0,0,44.9999999955,3.82864139639127
0,1.09861228866811,0.47180720994082,5.46806014113513,2.56494935746154,5.5683445037611,0.693147180559945,7.96206730875367,7.95437227253187,0,0,31.500000054,3.48124009099723
0,0,0,3.87120101090789,0.693147180559945,0,0.693147180559945,6.94119005506837,6.93828448401696,0,0,0,0
0,3.13549421592915,0.660124652429841,5.70855368298449,2.77258872223978,7.31920245876785,0.553385238309787,8.01532730902172,8.0106915391303,0,0,56.4999985033647,4.05178492177486
0,0,0,7.30653139893951,2.63905732961526,1.6094379124341,0.693147180559945,8.02387999273488,8.01928379291679,1,0.0444444457787655,21.4999993245,3.11351527918815
0,0,0,7.31121838441963,2.63905732961526,0.693147180559945,0.693147180559945,8.02059914989697,8.01598781102724,0,0,0.999999704,0.693147032559934
0,0,0,7.31121838441963,2.63905732961526,1.79175946922805,0.693147180559945,8.01994168767737,8.01532730902172,0,0,0.999999704,0.693147032559934
0,0,0,7.31121838441963,2.63905732961526,1.09861228866811,0.693147180559945,7.98888225330923,7.98412195870293,1,0.500000074000011,0.999999704,0.693147032559934
0,0,0,7.22693601849329,2.63905732961526,2.07944154167984,0.693147180559945,6.94697599213542,6.94408720822953,0,0,4.9999998125,1.79175943797805
0,0,0,7.18083119904456,2.63905732961526,3.29583686600433,0.693147180559945,7.94058382710424,7.93272102748195,0,0,1.999999677,1.09861218100144
0,0,0,5.25227342804663,2.07944154167984,0.693147180559945,0.693147180559945,8.36147461641682,8.36100710822691,0,0,1.00000002,0.693147190559945
0,0,0,6.58063913728495,2.56494935746154,0.693147180559945,0.693147180559945,7.9912539298402,7.986504938554,0,0,0.50000004,0.405465134774831
0,0,0,6.5792512120101,2.56494935746154,1.38629436111989,0.693147180559945,7.98989937494294,7.98514393119862,0,0,6.999999936,2.07944153367984
0,0,0,6.57088296233958,2.56494935746154,1.09861228866811,0.693147180559945,7.98922140881528,7.9844627322622,0,0,32.500000224,3.51154544551759
0,0,0,6.54821910276237,2.56494935746154,0.693147180559945,0.693147180559945,7.98582466641892,7.98104975966596,0,0,2.0000000285,1.09861229816811
0,1.09861228866811,0.644856005824576,6.60213550588894,2.70805020110221,1.79175946922805,0.693147180559945,6.9555926083963,6.95272864462487,0,0,4.5000001692039,1.70474812300277
0,0.693147180559945,0.632411573834913,6.92116496589205,2.70805020110221,4.60517018598809,0.693147180559945,6.91968384984741,6.91671502035361,1,0.0137931034387634,71.50000005,4.28358656255028
0,0,0,4.43081679884331,1.94591014905531,0.693147180559945,0.693147180559945,8.00269416228394,7.99395754757357,0,0,0.5000000095,0.405465114441498
0,0,0,4.4188406077966,1.94591014905531,0,0.693147180559945,7.98309894071089,7.97831096986772,0,0,1.000000004,0.693147182559945
0,0,0,4.4188406077966,1.94591014905531,1.94591014905531,0.693147180559945,7.98378106897745,7.97487690055888,0,0,13.499999972,2.67414864749549
0,0,0,4.40671924726425,1.94591014905531,1.6094379124341,0.693147180559945,7.96102146588337,7.95331834656043,0,0,2.4999999975,1.25276296778108
0,0,0,4.15888308335967,1.94591014905531,0,0.693147180559945,8.56693528331105,8.56312212330464,1,0.499999998,1.000000008,0.693147184559945
0,0,0,4.15888308335967,1.94591014905531,4.82028156560504,0.693147180559945,8.56674497024549,8.56293108309009,0,0,46.999999998,3.87120101086622
0,0,0,5.55682806169954,2.07944154167984,4.86753445045558,0.693147180559945,6.94697599213542,6.00635315960173,0,0,3.500000007,1.50407739833183
0,0,0,5.87211778947542,1.79175946922805,4.78749174278205,0.693147180559945,6.94215670569947,6.00388706710654,0,0,2.500000038,1.25276297935251
0,0.693147180559945,0.622252807185043,6.63266032203583,2.56494935746154,1.79175946922805,0.693147180559945,8.02355239240435,8.01895468315572,1,0.222222239753088,3.499999645,1.50407731788738
0,1.09861228866811,0.693147180559945,2.30258509299405,1.6094379124341,5.96870755998537,0.510825623965991,7.98820359702258,7.98344006300654,0,0,19.499999994,3.02042488585168
0,2.30258509299405,0.396885186961191,4.99991133073328,2.30258509299405,3.2188758248682,0.405465108108164,8.55236726642389,8.54849804124465,1,0.105263156886427,8.500000091,2.25129180818544
0,0,0,5.08759633523238,2.19722457733622,3.2188758248682,0.693147180559945,8.53640741034004,8.53247581494739,0,0,203.999999945,5.32300997887012
0,0,0,5.24702407216049,1.09861228866811,2.39789527279837,0.693147180559945,8.00736706798333,7.99867136101578,0,0,3.999999969,1.6094379062341
0,0.693147180559945,0.67851596139269,5.90399852132671,1.6094379124341,2.99573227355399,0.693147180559945,8.0106915391303,8.00202481821611,0,0,15.000000116,2.77258872948978
0,0,0,6.15060276844628,1.6094379124341,0,0.693147180559945,8.00235954625271,7.99361999482774,0,0,16.49999988,2.86220087407233
0,0,0,6.15060276844628,1.6094379124341,2.07944154167984,0.693147180559945,8.00202481821611,7.99328232810159,0,0,3.999999978,1.6094379080341
0,1.09861228866811,0.172256443895246,5.70155777952273,1.6094379124341,5.64897423816121,0.510825623965991,7.96450336355155,7.95682712209011,0,0,162.999999956788,5.09986642756071
0,0,0,6.01126717440416,2.30258509299405,3.61091791264422,0.693147180559945,7.98548435673382,7.98070782086967,0,0,1.4999999245,0.916290701674155
0,0.693147180559945,0.580609070825705,4.93087032562739,2.39789527279837,4.89783979995091,0.693147180559945,8.01301211036892,8.00436556497957,0,0,25.500000075,3.27714473582237
0,0,0,4.86753445045558,2.39789527279837,4.51085950651685,0.693147180559945,7.9973268229981,7.98854298273769,0,0,14.500000029,2.74084002579617
0,0,0,6.90575327631146,2.30258509299405,3.95124371858143,0.693147180559945,7.98854298273769,7.98378106897745,0,0,1.999999946,1.09861227066811
0,0,0,6.05208916892442,1.79175946922805,0,0.693147180559945,8.00636756765025,7.9976631270201,0,0,0.999999972,0.693147166559945
0,0,0,5.63121178182137,1.6094379124341,3.49650756146648,0.693147180559945,8.01135510916129,8.00269416228394,0,0,1.500000013,0.916290737074155
0,2.07944154167984,0.661840949503579,5.32178972273318,2.30258509299405,6.48004456192665,0.485507815781701,8.58429093494873,8.580543506917,0,0,12.9999998,2.63905731532954
0,0,0,6.04973345523196,1.79175946922805,0.693147180559945,0.693147180559945,8.00469951054955,7.99598047476376,0,0,49.500000171,3.92197333966745
0,1.09861228866811,0.678696641632957,5.5026178299249,2.07944154167984,5.28320372873799,0.693147180559945,8.01234963932779,8.00369733909437,0,0,5.49999989574966,1.87180216086308
0,0,0,5.07517381523383,1.38629436111989,4.79579054559674,0.693147180559945,7.96346006663897,7.95577578153419,0,0,2.0000000235,1.09861229650144
0,0,0,5.69035945432406,2.07944154167984,0,0.693147180559945,6.96508034560141,6.96224346426621,0,0,1.000000145,0.693147253059943
0,1.09861228866811,0.560298304111116,6.56432556174643,2.63905732961526,1.38629436111989,0.287682072201781,6.96318998587024,6.96034772910131,0,0,203.9999999904,5.32300997909158
0,0,0,5.33271879326537,2.07944154167984,0.693147180559945,0.693147180559945,7.96067260838812,7.95296679092313,0,0,1.000000014,0.693147187559945
0,2.70805020110221,0,0,2.19722457733622,6.95844839329766,0.427444014609548,8.5356223268846,8.53168763756669,0,0,0,0
0,0,0,6.10702288774225,1.6094379124341,3.73766961828337,0.693147180559945,8.5358186555394,8.53188474015923,0,0,130.500000064,4.87900685210451
0,0,0,5.41164605185504,0.693147180559945,3.09104245335832,0.693147180559945,8.53601494565683,8.53208180390999,0,0,13.500000091,2.67414865570239
0,0,0,3.29583686600433,1.38629436111989,3.97029191355212,0.693147180559945,8.536211197252,8.53227882883428,0,0,36.999999998,3.63758615967375
0,0,0,0,1.6094379124341,4.78749174278205,0.693147180559945,8.53679972105516,8.53286967080125,0,0,0,0
0,0,0,3.73766961828337,1.09861228866811,0.693147180559945,0.693147180559945,8.36217546914963,8.36170828857584,0,0,3.500000014,1.50407739988739
0,0.693147180559945,0.692718140535435,4.00733318523247,0.693147180559945,2.70805020110221,0.405465108108164,6.95081476844258,6.94793706861497,1,0.016949152543522,57.999999996,4.07753744383792
0,0.693147180559945,0,3.38439026334577,0.693147180559945,0,0.405465108108164,6.92461239604856,6.92165818415113,0,0,0,0
0,0,0,3.95124371858143,1.79175946922805,4.02535169073515,0.693147180559945,7.98956044933387,7.98480338973441,0,0,1.4999999895,0.916290727674155
0,0,0,5.67675380226828,2.07944154167984,2.56494935746154,0.693147180559945,8.01102337918644,8.00235954625271,0,0,16.000000038,2.83321334629151
0,2.07944154167984,0.497867505012524,5.34293215930699,2.19722457733622,4.87519732320115,0.485507815781701,7.98104975966596,7.97212112892166,1,0.00623052958181695,159.50000034,5.07829394468845
0,0,0,5.64544689764324,2.07944154167984,0.693147180559945,0.693147180559945,7.98275770201111,7.97796809312855,0,0,0.999999918,0.693147139559944
0,0,0,5.17614973257383,2.07944154167984,1.6094379124341,0.693147180559945,7.99833539595298,7.98956044933387,0,0,1.50000004,0.916290747874155
0,1.38629436111989,0.532567268775215,4.99721227376411,2.07944154167984,2.07944154167984,0.559615787935423,7.98309894071089,7.97418866928601,0,0,20.999999874,3.09104244763104
0,0,0,5.15329159449778,2.07944154167984,0.693147180559945,0.693147180559945,7.96485088744731,7.95717732345947,0,0,35.999999986,3.61091791226585
0,0,0,5.10594547390058,2.07944154167984,1.79175946922805,0.693147180559945,7.96032362914884,7.952615111651,0,0,6.500000026,2.01490302400893
0,0,0,3.80666248977032,0.693147180559945,0.693147180559945,0.693147180559945,8.00168997809913,7.99294454731811,0,0,11.500000006,2.52572864478826
0,0,0,3.66356164612965,0.693147180559945,0,0.693147180559945,7.98956044933387,7.98070782086967,0,0,0,0
0,1.38629436111989,0.469435951897435,5.64190707093811,2.484906649788,2.63905732961526,0.693147180559945,8.01631789850341,8.00770001288403,0,0,13.000000226,2.63905734575812
0,0,0,1.94591014905531,0.693147180559945,0,0.693147180559945,8.01433573729942,8.00570067866254,0,0,0,0
0,0,0,4.969813299576,1.79175946922805,1.38629436111989,0.693147180559945,7.95647679803678,7.94873845481361,1,0.666666666444444,0.5000000005,0.405465108441498
0,0.693147180559945,0.684076560083113,4.80811102998478,1.94591014905531,2.94443897916644,0.693147180559945,8.00836557031292,7.99967857949945,0,0,9.5000000715,2.351375263973
0,0,0,5.14166355650266,1.94591014905531,0.693147180559945,0.693147180559945,7.98344006300654,7.97865372908273,0,0,1.00000001,0.693147185559945
0,2.07944154167984,0.548084411293507,4.98360662170834,2.39789527279837,6.05678401322862,0.559615787935423,7.96901178110648,7.96137020171951,1,0.0526315785595568,18.00000014,2.94443898653486
0,0,0,4.96284463025991,0.693147180559945,2.07944154167984,0.693147180559945,8.00703401219341,7.99833539595298,0,0,1.000000068,0.693147214559945
0,1.79175946922805,0.645639708788771,4.84024230816757,2.07944154167984,2.70805020110221,0.405465108108164,7.97796809312855,7.96901178110648,0,0,141.999999801,4.9628446288683
0,0,0,3.61091791264422,0.693147180559945,0,0.693147180559945,7.97453284413023,7.96693349840484,0,0,0,0
0,2.70805020110221,0.509059114206322,4.58428697503763,2.39789527279837,5.89440283426485,0.382992252483378,7.97453284413023,7.96693349840484,0,0,60.4999999869195,4.11903717459978
0,0.693147180559945,0.43057466465963,5.86078622346587,1.79175946922805,1.79175946922805,0.693147180559945,8.00936307663004,8.00068478451475,0,0,32.50000005,3.51154544032356
0,0,0,6.04500531403601,1.6094379124341,1.79175946922805,0.693147180559945,8.00869818298853,8.00001409367807,0,0,26.00000012,3.29583687044877
0,0.693147180559945,0.594032741930412,5.81562195641174,1.79175946922805,0,0.405465108108164,8.00603417874901,7.9973268229981,0,0,11.9999998455,2.56494934557692
0,0.693147180559945,0.63683692222852,5.78996017089725,1.79175946922805,1.09861228866811,0.693147180559945,8.00536706731666,7.99665387546261,0,0,6.4999999,2.01490300720893
0,1.79175946922805,0.661866859249406,5.66238160880282,1.94591014905531,2.94443897916644,0.154150680112972,7.95997452808054,7.95226330865705,1,0.0178571427813749,55.0000002376084,4.02535169497816
0,2.70805020110221,0.589765921547437,5.2275371843081,2.56494935746154,5.35185813347607,0.382992252483378,7.9561263512135,7.9483852851119,1,0.00649350646219927,153.000000742482,5.03695260723494
0,0,0,3.73766961828337,1.09861228866811,2.77258872223978,0.693147180559945,8.01433573729942,8.00570067866254,0,0,4.4999999975,1.70474809178388
0,1.09861228866811,0.226928981524168,5.78791935376026,2.07944154167984,3.36729582998647,0.693147180559945,8.01763715990848,8.00903068506973,0,0,97.999999925959,4.5951198493867
0,0,0,5.30330490805908,2.07944154167984,2.39789527279837,0.693147180559945,8.01002752848173,8.0013550258267,0,0,1,0.693147180559945
0,2.56494935746154,0.619159442254768,5.02842483571013,2.30258509299405,5.31320597904179,0.430782915792454,7.94873845481361,7.94093976232779,1,0.00471698113633188,210.9999998087,5.35658627376965
0,0,0,5.12396397940326,1.94591014905531,0.693147180559945,0.693147180559945,7.99799931797973,7.98922140881528,0,0,8.4999999845,2.25129179697492
0,2.39789527279837,0.567579259160864,5.07574183575462,2.56494935746154,5.75574221358691,0.492476484875572,7.98956044933387,7.98070782086967,1,0.00751879698498825,132.000000132543,4.89034912921832
0,0,0,5.0998664278242,1.94591014905531,1.38629436111989,0.693147180559945,7.9844627322622,7.9755646584952,0,0,18.500000079,2.97041446962098
0,0.693147180559945,0.293530357595816,4.9452074887738,1.79175946922805,1.6094379124341,0.405465108108164,7.96623977655947,7.9585769038139,0,0,31.4999999145,3.48124008670492
0,0.693147180559945,0.603252956702994,5.10291057020543,1.94591014905531,1.38629436111989,0.693147180559945,7.98173328669189,7.9728107841214,1,0.0799999994112,11.500000092,2.52572865166826
0,0,0,4.21950770517611,1.94591014905531,0,0.693147180559945,7.9844627322622,7.97968130238774,0,0,0.4999999955,0.405465105108164
0,0,0,4.23410650459726,1.94591014905531,4.70953020131233,0.693147180559945,7.98412195870293,7.97933889526233,0,0,2.500000008,1.25276297078108
0,0,0,6.5410299991899,2.07944154167984,0,0.693147180559945,6.96790920180188,6.96508034560141,0,0,4.999999982,1.79175946622805
0,0,0,6.5410299991899,2.07944154167984,0,0.693147180559945,6.96696713861398,6.96413561241824,0,0,64.50000001,4.18205014279388
0,0,0,6.5366915975913,2.07944154167984,1.09861228866811,0.693147180559945,6.96413561241824,6.96129604591017,0,0,4.4999999005,1.70474807414752
0,0,0,6.53233429222235,2.07944154167984,3.36729582998647,0.693147180559945,6.95177216439891,6.94889722231331,0,0,157.500000182,5.0657545944656
0,0,0,5.25749537202778,2.07944154167984,2.63905732961526,0.693147180559945,7.99091546309133,7.98616486033273,0,0,3.5000000325,1.5040774039985
0,0.693147180559945,0.642006028282407,5.26269018890489,1.79175946922805,5.46383180502561,0.693147180559945,6.94889722231331,6.94601399109923,0,0,107.499999936,4.68675017239065
0,1.09861228866811,0.621677263369666,5.34551896819131,2.30258509299405,5.14749447681345,0.693147180559945,6.92755790627832,6.92461239604856,0,0,8.00000017927796,2.19722459725599
0,0,0,5.91889385427315,0.693147180559945,0.693147180559945,0.693147180559945,6.96602418710611,6.96318998587024,0,0,2.999999863,1.38629432686989
0,1.6094379124341,0.445320009224306,6.15867246609189,2.63905732961526,2.89037175789616,0.693147180559945,6.96034772910131,6.95749737087695,0,0,483.0000000455,6.18208490681064
0,0,0,5.88887795833288,0.693147180559945,3.71357206670431,0.693147180559945,6.95272864462487,6.94985645500077,0,0,419.4999999,6.04144447917519
0,1.6094379124341,0.35187892319542,5.84932477994686,1.94591014905531,5.0998664278242,0.470003629245736,6.93828448401696,6.93537044601511,1,0.0101522842644747,97.499999995,4.59005654812728
0,0,0,6.07764224334903,1.94591014905531,1.94591014905531,0.693147180559945,6.94215670569947,6.93925394604151,0,0,9.5000000175,2.35137525883014
0,1.38629436111989,0.602775050743467,6.27945907074181,2.56494935746154,4.30406509320417,0.559615787935423,6.94601399109923,6.94312242281943,1,0.0240963855508782,40.499999985,3.72569342687521
0,1.79175946922805,0,4.35670882668959,0.693147180559945,0,0.154150680112972,6.93828448401696,6.93537044601511,1,1,0,0
0,0,0,5.04985600724954,2.07944154167984,2.07944154167984,0.693147180559945,7.98616486033273,7.98139158158007,1,0.11111111058642,8.0000000425,2.19722458205844
0,1.09861228866811,0.693147180559945,6.24416690066374,2.39789527279837,1.79175946922805,0.693147180559945,8.00034949532468,7.99159228206809,0,0,2.99999955,1.38629424861988
0,0,0,6.74405918631135,2.39789527279837,3.46573590279973,0.693147180559945,7.95085485771999,7.94307271727793,0,0,3.999999888,1.6094378900341
0,0,0,5.32787616878958,1.79175946922805,4.84418708645859,0.693147180559945,8.02845516411425,8.02387999273488,0,0,2.99999993,1.38629434361989
0,0,0,5.48893772615669,1.94591014905531,4.85203026391962,0.693147180559945,7.99934295271328,7.99057688174392,0,0,0.9999999775,0.693147169309945
0,0,0,5.26785815906333,1.79175946922805,0.693147180559945,0.693147180559945,8.01334318138667,8.00469951054955,0,0,25.5000000325,3.27714473421859
0,0,0,3.40119738166216,1.6094379124341,4.79579054559674,0.693147180559945,8.0013550258267,7.99260665240021,0,0,0.9999999965,0.693147178809945
0,0.693147180559945,0.693147180559945,5.24438902452248,1.94591014905531,5.46806014113513,0.405465108108164,7.98514393119862,7.97625194374562,0,0,2.00000008,1.09861231533478
0,2.484906649788,0.656949799449049,5.50193825150934,2.30258509299405,6.80572255341699,0.459532329167914,8.01928379291679,8.01466637046494,0,0,35.5000001348464,3.59731226428287
0,0,0,5.24702407216049,1.79175946922805,4.80402104473326,0.693147180559945,7.96519829061218,7.95752740223077,0,0,1.500000012,0.916290736674155
0,0,0,5.02388052084628,1.6094379124341,4.85203026391962,0.693147180559945,8.01961279440027,8.0149968943483,0,0,2.5000000165,1.25276297320965
0,0,0,6.20657592672493,2.07944154167984,4.7361984483945,0.693147180559945,7.96554557312999,7.95787735848981,0,0,2.499999975,1.25276296135251
0,0,0,5.52146091786225,1.94591014905531,1.09861228866811,0.693147180559945,8.0166478770578,8.00803284696931,0,0,8.5000000785,2.25129180686965
0,0.693147180559945,0.693147180559945,5.70877001616724,2.19722457733622,4.89783979995091,0.693147180559945,7.99900721324395,7.99023818572036,0,0,1.999999987,1.09861228433478
0,0,0,5.15329159449778,1.94591014905531,4.91998092582813,0.693147180559945,8.36427508499152,8.36380888451688,0,0,1.49999996,0.916290715874155
0,1.09861228866811,0.666159930601777,6.45729280489094,2.63905732961526,1.94591014905531,0.510825623965991,6.92461239604856,6.92165818415113,0,0,120.999999678162,4.80402104209524
0,0,0,4.83628190695148,2.07944154167984,3.55534806148941,0.693147180559945,7.98412195870293,7.97522083865341,0,0,1,0.693147180559945
0,0,0,5.98645200528444,0.693147180559945,1.94591014905531,0.693147180559945,7.98548435673382,7.97659540931658,0,0,2.999999975,1.38629435486989
0,0,0,5.97888576490112,0.693147180559945,1.94591014905531,0.693147180559945,7.96311205897929,7.95542508891267,0,0,32.499999943,3.51154543712953
0,0.693147180559945,0.691008621471681,5.40267738187228,0.693147180559945,1.09861228866811,0.693147180559945,7.94944442025063,7.94165125293056,0,0,64.999999987,4.18965474182946
0,0,0,5.73979291217923,0.693147180559945,0,0.693147180559945,7.9402277651457,7.93236215433975,0,0,0,0
0,0,0,5.56068163101553,2.07944154167984,2.83321334405622,0.693147180559945,8.00670084544037,7.99799931797973,0,0,10.000000101,2.39789528198019
0,0.693147180559945,0.651437205443258,4.77491296057519,1.79175946922805,1.09861228866811,0.693147180559945,8.56044423341055,8.55660619377307,0,0,2.999999895,1.38629433486989
0,0,0,5.01063529409626,1.6094379124341,3.73766961828337,0.693147180559945,8.53660358493606,8.53267276226462,1,0.010362694297565,95.5000000275,4.56954300862991
0,0,0,5.7037824746562,1.94591014905531,1.94591014905531,0.693147180559945,8.00969535774292,8.00101996132365,0,0,8.000000047,2.19722458255844
0,0,0,5.70044357339069,1.94591014905531,3.87120101090789,0.693147180559945,7.98344006300654,7.97453284413023,0,0,6.499999989,2.0149030190756
0,0,0,5.35658627467201,1.79175946922805,1.94591014905531,0.693147180559945,8.52971447196991,8.52575642207673,0,0,1.4999999495,0.916290711674155
0,0.693147180559945,0.693130025912805,4.5485998344997,1.38629436111989,4.48863636973214,0.405465108108164,8.56655462095396,8.56274000637221,0,0,145.00000009,4.98360662232477
0,1.6094379124341,0.677893380643384,4.73268350628705,1.94591014905531,6.3818160174061,0.470003629245736,8.00168997809913,7.99699040583765,0,0,6.000000222,1.9459101807696
0,0,0,4.75359019110636,1.6094379124341,0.693147180559945,0.693147180559945,8.56101867095627,8.5571828396324,0,0,0.99999998,0.693147170559945
0,0,0,5.5683445037611,2.19722457733622,2.77258872223978,0.693147180559945,8.02878116248715,8.02420748577858,0,0,0.500000049,0.405465140774831
0,0,0,5.5683445037611,2.19722457733622,4.06044301054642,0.693147180559945,7.98514393119862,7.98036576511125,1,0.66666664488889,0.500000049,0.405465140774831
0,0,0,4.70048036579242,2.07944154167984,4.77068462446567,0.693147180559945,8.58279364850019,8.57904059474232,0,0,1.000000008,0.693147184559945
0,1.09861228866811,0,2.07944154167984,0.693147180559945,0,0.287682072201781,7.99699040583765,7.98820359702258,1,1,0,0
0,1.38629436111989,0.675821778805361,5.87000287857079,2.19722457733622,5.65599181081985,0.559615787935423,8.00302866638473,7.99833539595298,0,0,9.500000292,2.351375284973
0,0,0,6.7428806357919,1.94591014905531,2.83321334405622,0.693147180559945,7.97831096986772,7.96935774201635,0,0,3.99999985,1.6094378824341
0,0,0,6.15485809401642,1.38629436111989,2.39789527279837,0.693147180559945,8.365672383775,8.36520683441836,0,0,8.49999982,2.25129177965913
0,0,0,5.40717177146012,1.6094379124341,3.04452243772342,0.693147180559945,8.58110651715989,8.57734711423598,0,0,44.000000067,3.80666249125921
0,0,0,4.61512051684126,1.38629436111989,3.04452243772342,0.693147180559945,8.58260632996447,8.57885257180297,0,0,49,3.91202300542815
0,0,0,4.93447393313069,1.38629436111989,4.83628190695148,0.693147180559945,8.58035576637388,8.57659353469768,0,0,17.000000028,2.89037175945172
0,0,0,5.50125821054473,2.07944154167984,0,0.693147180559945,8.36240897761537,8.36194190614495,0,0,14.499999998,2.74084002379617
0,0,0,5.4510384535657,2.07944154167984,2.83321334405622,0.693147180559945,8.36194190614495,8.36147461641682,0,0,22.000000068,3.13549421888567
0,0,0,5.92157841964382,1.38629436111989,3.04452243772342,0.693147180559945,8.58185670474196,8.57810012631976,0,0,11.00000001,2.48490665062133
0,1.38629436111989,0.517834896320261,4.48017369581341,1.79175946922805,4.07753744390572,0.559615787935423,8.56178407474411,8.55795118388841,0,0,10.0000001295,2.3978952845711
0,0,0,4.96284463025991,1.38629436111989,2.30258509299405,0.693147180559945,8.56617381363786,8.56235774337061,0,0,24.500000033,3.2386784534585
0,3.87120101090789,0.597049816907697,4.76750159790554,2.63905732961526,7.4489161025442,0.405465108108164,8.32239411311117,8.32190796823042,1,0.00536193030839005,185.499999531,5.22843123656912
0,0,0,4.46590811865458,1.38629436111989,3.73766961828337,0.693147180559945,8.52951694110507,8.52555810774787,0,0,35.999999986,3.61091791226585
0,0.693147180559945,0.693147180559945,4.93087032562739,1.6094379124341,3.87120101090789,0.693147180559945,8.53817159780143,8.53424694598207,0,0,1.999999925,1.09861226366811
0,0,0,4.21950770517611,1.94591014905531,2.89037175789616,0.693147180559945,8.36100710822691,8.36053938137086,0,0,1.4999999865,0.916290726474155
0,0,0,5.34233425196481,1.94591014905531,3.46573590279973,0.693147180559945,8.3654396361887,8.36497397843873,0,0,4.500000024,1.70474809660206
0,0,0,5.51745289646471,1.09861228866811,0,0.693147180559945,8.56997537685521,8.56617381363786,0,0,0.999999984,0.693147172559945
0,0,0,5.51745289646471,1.09861228866811,0,0.693147180559945,8.36170828857584,8.36124088964235,0,0,22.00000002,3.13549421679871
0,0,0,5.50533153593236,0.693147180559945,2.07944154167984,0.693147180559945,8.56978564153541,8.56598335558567,0,0,4.500000015,1.7047480949657
0,1.79175946922805,0,4.38618464478105,0.693147180559945,0,0.154150680112972,8.55352512066363,8.54966038155374,1,1,0,0
0,2.484906649788,0.246033913314002,3.6909606202346,2.07944154167984,6.35437004079735,0.606135803388497,8.54169066301663,8.53777982502463,1,0.333333350241176,1.99999984782942,1.09861223794458
0,0,0,5.46806014113513,0.693147180559945,2.39789527279837,0.693147180559945,8.58073121222023,8.5769703954521,0,0,15.499999976,2.80336037945199
0,0,0,5.42934562895444,0.693147180559945,1.38629436111989,0.693147180559945,8.56826646160024,8.56445838388335,0,0,0.999999922,0.693147141559944
0,2.484906649788,0.427049175801313,4.53706977331984,2.19722457733622,3.97029191355212,0.34830669450351,8.34283980427146,8.34236350038058,1,0.00356506238598529,279.500000205081,5.63657372569388
0,1.94591014905531,0,3.76451686825333,0.693147180559945,0,0.133531392749523,8.32239411311117,8.32190796823042,0,0,0,0
0,1.38629436111989,0.522047599399467,4.31079912538551,0.693147180559945,0,0.559615787935423,8.34426735626264,8.34379173199684,0,0,5.000000082,1.79175948289472
0,1.38629436111989,0,2.484906649788,0.693147180559945,0,0.22314355131421,8.34283980427146,8.34236350038058,0,0,0,0
0,0,0,3.61091791264422,0.693147180559945,0,0.693147180559945,8.34426735626264,8.34379173199684,0,0,0,0
0,0,0,3.17805383034795,1.09861228866811,2.19722457733622,0.693147180559945,7.98378106897745,7.97899637085411,0,0,1.000000003,0.693147182059945
0,1.79175946922805,0,4.62660546703442,0.693147180559945,0,0.154150680112972,8.54169066301663,8.53777982502463,0,0,0,0
