"ns","nf","entropy","lt","ndev","pd","npt","exp","sexp","bug","bugdensity","churn","churnp"
1.09861228866811,2.30258509299405,0.252466347456078,6.60340167224238,2.63905732961526,5.91350300563827,0.262364264467491,10.2789400887982,10.1675042970599,1,0.00136518771536628,731.499998897,6.59646333938542
0.693147180559945,2.07944154167984,0.611284906520783,6.98390580655569,2.83321334405622,5.93489419561959,0.405465108108164,10.2762917184047,10.1153679115716,0,0,90.4999989375,4.51633896066945
0,0.693147180559945,0.194340566586633,6.64768837356333,1.94591014905531,4.72738781871234,0.693147180559945,4.93447393313069,3.91202300542815,1,0.0222222222765432,43.99999989,3.80666248732588
0,0,0,5.10594547390058,1.09861228866811,5.37989735354046,0.693147180559945,10.2778059316475,7.15070145759253,0,0,55.999999978,4.04305126744859
0,0,0,7.38274644973891,2.30258509299405,1.6094379124341,0.693147180559945,6.25958146406492,3.73766961828337,1,0.0025316455706265,393.999999843,5.97888576450365
0,1.09861228866811,0.689247115684289,5.15329159449778,1.79175946922805,5.09375020080676,0.287682072201781,10.277530790636,7.14991683613211,0,0,5.499999882,1.87180215874775
0.693147180559945,0.693147180559945,0.532733152437414,6.85382693695658,2.94443897916644,4.53259949315326,0.693147180559945,10.2814444212277,9.89691600715309,0,0,44.4999994335,3.81771231350636
0,0,0,5.31320597904179,0.693147180559945,0,0.693147180559945,6.79122146272619,6.32435896238131,1,1,0,0
0,0,0,5.31320597904179,1.09861228866811,0,0.693147180559945,10.2799013962503,7.15305163493748,0,0,2.99999997,1.38629435361989
0,0,0,5.31320597904179,1.09861228866811,0,0.693147180559945,10.2798670797492,7.15226885603254,0,0,2.99999997,1.38629435361989
0,0.693147180559945,0.209847314836548,8.17990061841112,2.94443897916644,3.04452243772342,0.693147180559945,10.2812730915375,9.8230906154641,0,0,52.50000069,3.97968166679916
1.38629436111989,2.30258509299405,0.576927042629893,7.79449360859427,3.09104245335832,6.50578406012823,0.470003629245736,10.2773587890531,10.1960452199347,1,0.00749063679782295,132.49999833,4.89410146533094
0,0,0,8.46611040118692,2.77258872223978,4.7361984483945,0.693147180559945,10.2813416269361,9.82319898130729,0,0,2.00000175,1.09861287200127
0,0,0,7.38461038317697,2.30258509299405,0,0.693147180559945,10.2769114464328,7.14755927118945,0,0,21.49999957,3.11351529009926
0.693147180559945,1.09861228866811,0.363603508802736,6.63507128206401,2.63905732961526,6.39859493453521,0.693147180559945,10.2816499781163,10.1200897558069,0,0,69.9999997514312,4.26267987354035
0,0,0,6.56103066589657,1.6094379124341,4.56434819146784,0.693147180559945,6.94697599213542,6.59578051396131,0,0,10.000000036,2.3978952760711
0,0,0,5.30826769740121,0.693147180559945,2.484906649788,0.693147180559945,10.2798327620704,9.82178930855162,0,0,21.999999936,3.13549421314654
0.693147180559945,0.693147180559945,0,4.67282883446191,0.693147180559945,0,0.405465108108164,10.2779778563449,10.1165807679968,1,1,0,0
1.09861228866811,2.56494935746154,0.393213004687877,7.37573763620822,2.99573227355399,5.33753807970132,0.379489622020693,10.2768770271718,10.1704565833904,1,0.00252844500773046,394.49999977955,5.98015078665031
0.693147180559945,1.79175946922805,0.592368737267535,6.80682936039218,2.63905732961526,6.06842558824411,0.287682072201781,10.2806903509263,10.1192841811873,0,0,94.000000059,4.55387689222159
0.693147180559945,1.79175946922805,0.592368737267535,6.80682936039218,2.63905732961526,6.46302945692067,0.606135803388497,10.2808960628618,10.1195259217203,0,0,94.000000059,4.55387689222159
0.693147180559945,1.38629436111989,0.598144787734348,6.57751359211156,2.484906649788,3.95124371858143,0.405465108108164,10.2764294689387,10.1155297107792,0,0,34.999999254,3.58351891773389
1.09861228866811,2.19722457733622,0.517777076733884,7.22467247678319,2.89037175789616,6.49072353450251,0.575364145028562,10.2829508581053,10.1767537132535,1,0.0072202165512056,137.500001060636,4.93087033328542
0,0,0,8.30028018985266,2.56494935746154,2.77258872223978,0.693147180559945,6.13772705408623,5.75257263882563,0,0,13.499998892,2.67414857301273
0,0,0,8.30003171177957,2.56494935746154,0.693147180559945,0.693147180559945,10.2785621793202,9.82037764581312,0,0,2.500000821,1.25276320306677
0,0,0,8.30003171177957,2.56494935746154,3.76120011569356,0.693147180559945,10.2781841269727,9.8202689737852,0,0,6.50000133,2.01490319787558
0,0,0,8.30003171177957,2.56494935746154,4.15888308335967,0.693147180559945,6.13988455222626,5.75574221358691,0,0,13.500001215,2.67414873321963
0,0,0,8.30003171177957,2.56494935746154,3.80666248977032,0.693147180559945,10.2785965406294,9.8204319773988,0,0,2.500000821,1.25276320306677
0,0,0,8.30003171177957,2.56494935746154,3.78418963391826,0.693147180559945,10.2782185012744,9.82032331127536,0,0,6.50000133,2.01490319787558
0,0.693147180559945,0.639766568713906,8.01747234738235,2.39789527279837,4.14313472639153,0.693147180559945,10.2780466179484,9.82010594359708,0,0,16.0000006875,2.83321338449739
0,0.693147180559945,0.639766568713906,8.00185741217236,2.39789527279837,4.80402104473326,0.693147180559945,10.2781153748241,9.82021463334231,0,0,15.999999078,2.83321328982092
0.693147180559945,1.09861228866811,0.550866368870378,7.56751801535017,2.70805020110221,4.66343909411207,0.693147180559945,10.2804845966648,10.1190423822017,0,0,63.0000001891379,4.15888308631495
0,0,0,6.12249280951439,2.39789527279837,4.20469261939097,0.693147180559945,10.2797298019674,9.82162652605581,0,0,8.9999998725,2.30258508024405
0,0,0,6.02102334934953,2.39789527279837,6.46302945692067,0.693147180559945,10.2797984432139,9.82173505066387,0,0,8.99999991,2.30258508399405
0,0,0,6.12249280951439,2.39789527279837,5.16478597392351,0.693147180559945,10.2797641231796,9.82168078983204,0,0,8.9999998725,2.30258508024405
0,0,0,7.17395831975679,2.19722457733622,2.39789527279837,0.693147180559945,10.2790774750255,9.82086652384779,0,0,8.99999936,2.30258502899404
0,0,0,7.14282740116162,2.19722457733622,6.38012253689976,0.693147180559945,10.2791461610616,9.82097513096166,0,0,8.999999792,2.30258507219405
0,0,0,7.1708884785125,2.19722457733622,4.21950770517611,0.693147180559945,10.2791118186333,9.82092082887917,0,0,9.0000001,2.30258510299405
0,0,0,7.12286665859908,2.39789527279837,2.484906649788,0.693147180559945,10.2802444965075,9.82222326570516,0,0,4.0000006095,1.60943803433409
0,0,0,8.39570329382853,2.30258509299405,1.79175946922805,0.693147180559945,10.2796268312625,9.82146371705754,0,0,20.499998225,3.06805285257547
1.09861228866811,1.09861228866811,0.570940266153255,7.69059080595798,2.77258872223978,4.74493212836325,0.693147180559945,10.2779778563449,10.1433702198546,0,0,110.000002096768,4.70953022020214
0,0,0,6.24804287450843,2.30258509299405,5.45958551414416,0.693147180559945,10.2803817036563,9.82233172557512,0,0,43.000000086,3.78418963587281
1.09861228866811,2.56494935746154,0.599603625454872,7.30653139893951,3.04452243772342,7.72223474470961,0.430782915792454,6.95939851213398,6.87626461189077,0,0,114.4999940825,4.74927047872808
0,0,0,6.87005341179813,2.19722457733622,3.66356164612965,0.693147180559945,10.2796611560089,9.82151798966888,0,0,29.499999841,3.41772667840025
0,0,0,6.87005341179813,2.19722457733622,4.55387689160054,0.693147180559945,10.2796954795772,9.82157225933486,0,0,29.499999841,3.41772667840025
0.693147180559945,1.09861228866811,0.531339278810254,6.75615689479223,2.83321334405622,7.51752085060303,0.693147180559945,6.24997524225948,5.66988092298052,0,0,44.5000002607718,3.81771233168815
0.693147180559945,2.07944154167984,0.471809770315527,7.08212866592692,2.94443897916644,5.68017260901707,0.559615787935423,10.2832245120716,10.1218597389714,1,0.00701754392918436,141.499998588,4.95934198979993
0,0.693147180559945,0.529863460449076,6.93731408122368,1.94591014905531,4.39444915467244,0.693147180559945,6.94505106372583,6.59304453414244,0,0,53.000000193,3.98898405013835
0,0.693147180559945,0.48204471539654,7.51969240411654,2.83321334405622,3.40119738166216,0.693147180559945,6.93925394604151,6.58479139238572,0,0,13.000000431,2.63905736040097
0,0.693147180559945,0.500788876911068,7.49720722320332,2.83321334405622,7.09257371597468,0.405465108108164,6.94312242281943,6.59030104819669,0,0,11.999999134,2.56494929084615
0,0,0,7.20934025660291,1.94591014905531,4.35670882668959,0.693147180559945,6.94697599213542,6.59578051396131,0,0,43.0000002005,3.78418963847508
0,0,0,7.2086003379602,1.94591014905531,4.31748811353631,0.693147180559945,6.94119005506837,6.5875500148248,0,0,1.99999935,1.09861207200142
0,1.09861228866811,0.670147613633596,7.28664823171551,2.89037175789616,4.969813299576,0.693147180559945,10.2817869925715,9.82374063444587,0,0,10.0000004457836,2.39789531332415
0,0,0,7.76429600645052,2.83321334405622,1.6094379124341,0.693147180559945,10.2816842334901,9.82357816930783,0,0,2.000000772,1.09861254600141
0,0,0,7.75662333453886,2.83321334405622,0,0.693147180559945,10.2811702796318,9.82292804467771,0,0,2.500000048,1.25276298220965
0,0,0,7.75362354655975,2.83321334405622,0.693147180559945,0.693147180559945,6.13122648948314,5.74300318780948,0,0,1.5000006015,0.916290972474126
0,0,0,7.75319426988434,2.83321334405622,2.63905732961526,0.693147180559945,6.24416690066374,5.17614973257383,0,0,20.500000176,3.06805294331966
0,0,0,7.71601526664259,2.83321334405622,6.37161184723186,0.693147180559945,6.13556489108174,5.74939298590825,0,0,2.4999995755,1.25276284720965
0,0,0,7.76046702921342,2.83321334405622,4.31748811353631,0.693147180559945,10.2813416269361,9.82319898130729,0,0,50.5000006175,3.94158181965998
0,0,0,7.75276480885133,2.83321334405622,4.31748811353631,0.693147180559945,10.2812045514416,9.82298223787648,0,0,2.500000815,1.25276320135248
0,0,0,7.75233516330229,2.83321334405622,4.31748811353631,0.693147180559945,6.94119005506837,6.5875500148248,0,0,11.000000574,2.48490669762133
0,0,0,7.74975340627444,2.83321334405622,4.12713438504509,0.693147180559945,6.25575004175337,5.19849703126583,0,0,11.49999988,2.52572863470826
0,0,0,7.74673290775362,2.83321334405622,4.06044301054642,0.693147180559945,6.13339804299665,5.74620319054015,0,0,1.5000001605,0.916290796074153
0.693147180559945,1.09861228866811,0.313126580834236,6.33446306028961,2.63905732961526,5.70711026474888,0.693147180559945,6.12905021006055,6.00141487796115,0,0,83.4999997609467,4.4367515315341
0,1.09861228866811,0.689247115684289,5.73009978297357,1.79175946922805,7.67971363996637,0.693147180559945,10.2826086853047,9.82471487137073,0,0,5.50000017,1.87180220305544
0,0,0,4.9416424226093,1.38629436111989,5.42053499927229,0.693147180559945,6.78671695060508,5.54907608489522,0,0,19.0000000025,2.99573227367899
1.09861228866811,1.09861228866811,0.6056949325828,6.47697236288968,2.07944154167984,4.90527477843843,0.510825623965991,6.7900972355139,5.80814248998044,0,0,13.499999568,2.67414861963342
0,1.09861228866811,0.689247115684289,5.74513766044472,1.79175946922805,6.89972310728487,0.693147180559945,10.2825060106293,9.82455256444799,0,0,5.50000005558824,1.87180218545363
0.693147180559945,0.693147180559945,0.688675226260974,7.25276241805319,2.56494935746154,4.91998092582813,0.405465108108164,10.2799700257198,10.1184376288218,0,0,4.499999297,1.70474796442024
0,0,0,7.84188592898462,2.56494935746154,7.68109900153636,0.693147180559945,10.2802101917786,9.82216903135854,0,0,2.500000248,1.25276303935251
0,0,0,7.84776253747361,2.56494935746154,7.43366654016617,0.693147180559945,10.2801758858729,9.82211479407039,0,0,2.5000009755,1.25276324720961
0,0,0,7.85902697975154,2.56494935746154,7.24779258176785,0.693147180559945,10.2801415787902,9.8220605538404,0,0,2.500000236,1.25276303592394
0,0,0,7.78113850984502,2.56494935746154,6.94408720822953,0.693147180559945,10.2801072705305,9.82200631066824,0,0,2.500000335,1.25276306420965
0,0,0,7.78447323573647,2.56494935746154,6.46614472423762,0.693147180559945,10.2800729610936,9.82195206455361,0,0,2.500000399,1.25276308249536
0.693147180559945,0.693147180559945,0.688675226260974,7.25276241805319,2.56494935746154,5.70044357339069,0.693147180559945,10.2800386504796,10.1185182837398,0,0,4.499999297,1.70474796442024
0,1.09861228866811,0.689247115684289,5.75151387758332,1.79175946922805,4.77912349311153,0.693147180559945,10.2824033254108,9.82439023117742,0,0,5.50000008658449,1.87180219022228
0,0,0,8.0774471493312,2.484906649788,0,0.693147180559945,6.93634273583405,6.58202513889283,0,0,29.9999994,3.43398718513031
0.693147180559945,1.09861228866811,0.529612674951049,7.67477230795374,2.56494935746154,5.75890177387728,0.693147180559945,10.2790431302381,10.1174288930855,1,0.00606060606359592,163.999999918601,5.10594547340725
0,0,0,8.06022424044096,2.07944154167984,3.43398720448515,0.693147180559945,10.2813758928741,9.82325315982552,0,0,3.999999795,1.6094378714341
0,0,0,7.5999019592085,2.63905732961526,2.94443897916644,0.693147180559945,10.2826429078539,9.82476896782472,0,0,23.5000000455,3.19867311940782
0,0.693147180559945,0.183649930781097,7.14084916114952,2.39789527279837,1.94591014905531,0.405465108108164,10.2785278168303,7.24636808010246,0,0,79.499999961,4.38825718394005
0,1.6094379124341,0.578126847623573,6.46458830368996,2.39789527279837,5.35185813347607,0.470003629245736,10.2777715431607,7.23993259132047,0,0,47.500000565,3.88156380959292
0,0,0,6.38519439899773,2.39789527279837,3.55534806148941,0.693147180559945,6.93731408122368,3.73766961828337,0,0,2.500000016,1.2527629730668
0,0,0,8.97461803845511,2.77258872223978,0,0.693147180559945,10.2775651874027,7.23633934275434,1,0.285714130285799,2.500001904,1.25276351249522
0,0,0,6.32435896238131,2.07944154167984,2.63905732961526,0.693147180559945,10.2782528743947,7.24064969425547,0,0,2.5000000885,1.25276299378108
0,0,0,5.99146454710798,2.07944154167984,7.69484807238461,0.693147180559945,10.278459088308,7.24494154633701,0,0,2.5000001355,1.25276300720965
0,0,0,6.26149168432104,2.07944154167984,7.49831587076698,0.693147180559945,10.2784247222753,7.24422751560335,0,0,2.500000145,1.25276300992394
0,0,0,6.2709884318583,2.07944154167984,7.34923082461333,0.693147180559945,10.2783903550617,7.24351297466548,0,0,2.500000008,1.25276297078108
0,0,0,6.35610766069589,2.07944154167984,6.94408720822953,0.693147180559945,10.2783559866668,7.24279792279376,0,0,2.49999995,1.25276295420965
0,0,0,6.30991827822652,2.07944154167984,6.44888939414686,0.693147180559945,10.2783216170908,7.24208235925696,0,0,2.499999966,1.25276295878108
0,0,0,6.32435896238131,2.07944154167984,5.3890717298165,0.693147180559945,10.2782872463334,7.24136628332232,0,0,2.5000000885,1.25276299378108
0,0,0,3.40119738166216,1.6094379124341,5.46383180502561,0.693147180559945,10.2809303440705,7.24708058458576,0,0,11.000000005,2.48490665020467
0,0,0,3.29583686600433,1.6094379124341,7.7621706071382,0.693147180559945,10.2811360066475,7.25134498337221,0,0,10.999999998,2.48490664962133
0,0,0,3.29583686600433,1.6094379124341,7.5076900778199,0.693147180559945,10.2810674571548,7.24992553671799,0,0,10.999999998,2.48490664962133
0,0,0,3.29583686600433,1.6094379124341,7.5076900778199,0.693147180559945,10.2811017324885,7.25063551189868,0,0,10.999999998,2.48490664962133
0,0,0,3.40119738166216,1.6094379124341,7.13329595489607,0.693147180559945,10.2810331806462,7.24921505711439,0,0,11.000000005,2.48490665020467
0,0,0,3.40119738166216,1.6094379124341,6.87005341179813,0.693147180559945,10.2809989029626,7.24850407237061,0,0,11.000000005,2.48490665020467
0,0,0,3.40119738166216,1.6094379124341,6.40025744530882,0.693147180559945,10.2809646241041,7.24779258176785,0,0,11.000000005,2.48490665020467
0,0.693147180559945,0.693147180559945,3.36729582998647,2.99573227355399,3.40119738166216,0.693147180559945,10.2834297034132,8.76233304060234,1,0.19999999984,4.000000004,1.6094379132341
0.693147180559945,1.38629436111989,0.286222038620923,7.5613817013798,2.94443897916644,4.12713438504509,0.693147180559945,4.91998092582813,4.29045944114839,1,0.00823045285285103,120.499997373,4.7999142411592
0.693147180559945,2.56494935746154,0.412865391011082,6.83658971923794,2.94443897916644,6.85329909318608,0.479573080023791,10.2795925053378,10.1180746011672,1,0.00208333332835486,479.000001147039,6.1737861062916
0,1.09861228866811,0.684177590288473,7.33149679605921,2.94443897916644,1.6094379124341,0.510825623965991,10.2770146971084,8.75605259917045,0,0,6.99999872152838,2.07944138187087
0,0,0,5.87211778947542,2.63905732961526,0.693147180559945,0.693147180559945,7.98412195870293,6.21860011969173,0,0,2.000000172,1.09861234600144
0,0,0,0,1.6094379124341,5.3890717298165,0.693147180559945,10.2781497514892,8.75683981482946,0,0,1,0.693147180559945
0.693147180559945,2.70805020110221,0.50489318016855,6.7442947298291,2.99573227355399,7.11151211649616,0.382992252483378,10.2823006296469,10.1208544510729,1,0.00175592626351535,568.4999959725,6.34475877581524
0.693147180559945,0.693147180559945,0.192815172384475,6.39442652499803,2.56494935746154,3.98898404656427,0.693147180559945,10.2803131024351,10.1188408383753,0,0,44.50000033,3.81771233320965
0,0,0,6.52649485957079,2.56494935746154,4.92725368515721,0.693147180559945,10.2803817036563,8.75904072752422,0,0,1.500000007,0.916290734674155
0.693147180559945,1.09861228866811,0.363603508802736,6.63507128206401,2.63905732961526,5.28320372873799,0.510825623965991,10.2815472049537,10.1199689609768,0,0,69.9999997514312,4.26267987354035
0.693147180559945,0.693147180559945,0.327180214185502,5.15617759938691,2.19722457733622,5.36129216570943,0.693147180559945,6.25575004175337,5.68017260901707,0,0,32.9999998575,3.52636052042498
0.693147180559945,1.38629436111989,0.486902276914845,6.4484937462683,2.83321334405622,1.94591014905531,0.405465108108164,10.2833613109774,10.1220204912927,0,0,93.00000024,4.5432947848232
0,0,0,3.40119738166216,0.693147180559945,0,0.693147180559945,10.2773931917365,8.75636755980297,0,0,0,0
0,1.09861228866811,0.606437343011819,5.79605775076537,1.79175946922805,6.42324696353352,0.693147180559945,7.50933526601659,7.50659178007084,0,0,43.499999928,3.79548918755422
0,0,0,6.25575004175337,1.6094379124341,0,0.693147180559945,10.498029129342,7.88495294575981,0,0,2.00000008,1.09861231533478
0,0,0,5.8406416573734,2.07944154167984,4.02535169073515,0.693147180559945,7.50273821075485,7.49997654095212,0,0,3.500000126,1.50407742477627
0,2.19722457733622,0.458852124828611,6.0003141624951,2.19722457733622,7.63336964967958,0.441832752564753,7.5076900778199,7.50494206839617,1,0.0121212122523419,81.4999991074981,4.41279828252243
0,0,0,4.82028156560504,1.38629436111989,5.21493575760899,0.693147180559945,10.2775995829863,6.50428817353665,0,0,18.499999992,2.97041446515944
0,0,0,7.49052940206071,2.70805020110221,0,0.693147180559945,10.2774275932364,6.50279004591562,0,0,60.99999948,4.12713437665799
0,1.09861228866811,0.693147180559945,7.11259907285332,2.56494935746154,5.27811465923052,0.510825623965991,6.93537044601511,3.36729582998647,0,0,4.50000012027684,1.70474811410694
0,0,0,7.63143166457691,2.19722457733622,0.693147180559945,0.693147180559945,7.9844627322622,3.61091791264422,0,0,2.000000583,1.09861248300142
0,0,0,7.63336964967958,2.19722457733622,2.484906649788,0.693147180559945,7.98480338973441,3.63758615972639,0,0,27.99999993,3.36729582757268
0,0,0,7.64300363556072,2.19722457733622,0,0.693147180559945,7.98514393119862,3.66356164612965,1,0.055555553742284,17.0000005875,2.89037179053505
0,0,0,7.63143166457691,2.19722457733622,3.2188758248682,0.693147180559945,7.98378106897745,3.58351893845611,0,0,2.000000583,1.09861248300142
0,0,0,5.62040086571715,1.09861228866811,4.11087386417331,0.693147180559945,10.498056719735,4.60517018598809,0,0,20.4999999875,3.06805293455222
0,0,0,5.62040086571715,1.09861228866811,4.55387689160054,0.693147180559945,10.4980843093668,4.61512051684126,0,0,20.4999999875,3.06805293455222
0,1.09861228866811,0.265606079486955,6.29894924685594,2.39789527279837,5.91350300563827,0.693147180559945,10.2868092959586,7.26192709270275,0,0,49.999999833,3.93182562944982
0,0,0,7.74932246466036,2.83321334405622,2.19722457733622,0.693147180559945,10.285547552198,9.82747006611221,0,0,35.0000002875,3.58351894644222
0,0,0,7.32514895795557,1.94591014905531,3.66356164612965,0.693147180559945,4.9416424226093,3.93182563272433,1,0.333333259555572,2.000000664,1.09861251000142
0,0,0,7.28824440102012,1.94591014905531,4.56434819146784,0.693147180559945,4.94875989037817,3.95124371858143,0,0,1.999999918,1.09861226133478
0,0,0,4.97673374242057,0.693147180559945,0,0.693147180559945,10.2915351866072,7.15773548424991,0,0,0,0
0,1.6094379124341,0.546246698581413,6.13252998738658,1.79175946922805,6.32076829425058,0.182321556793955,10.2915351866072,7.15773548424991,1,0.000786782061594326,1269.999999636,7.14755927090307
0,0,0,6.7428806357919,1.79175946922805,0,0.693147180559945,10.2915691050334,7.15851399732932,0,0,4.0000002735,1.6094379671341
0,0,0,7.38461038317697,2.30258509299405,3.66356164612965,0.693147180559945,6.26149168432104,3.76120011569356,0,0,8.99999982,2.30258507499405
0.693147180559945,2.56494935746154,0.670545574715417,6.92082336438566,3.04452243772342,6.77650699237218,0.570544858337178,10.2889200068941,10.1274707512478,1,0.0312499955348756,31.000004572288,3.46573604568372
0,0.693147180559945,0.532078111858805,5.39816270151775,1.94591014905531,4.74493212836325,0.693147180559945,7.51425465281641,7.51152464839087,0,0,10.50000006,2.4423470405866
0,0,0,5.83773044716594,2.30258509299405,4.04305126783455,0.693147180559945,7.98820359702258,6.57786135772105,0,0,7.499999979,2.14006616102568
0,0,0,6.18826412308259,1.09861228866811,4.57471097850338,0.693147180559945,10.2868774529924,9.82887175915534,0,0,38.999999961,3.68887945313894
0,0,0,6.18826412308259,1.09861228866811,5.17048399503815,0.693147180559945,10.2869115297674,9.82892563120922,0,0,38.999999961,3.68887945313894
0,0,0,7.20191631753163,2.56494935746154,7.71244383427499,0.693147180559945,7.98548435673382,7.19443685110033,0,0,2.999999376,1.38629420511988
0,0,0,6.36647044773144,1.38629436111989,4.60517018598809,0.693147180559945,6.79234442747081,5.55682806169954,0,0,2.999999891,1.38629433386989
0,0,0,6.3578422665081,1.38629436111989,7.00850518208228,0.693147180559945,6.79570577517351,5.5683445037611,0,0,2.999999808,1.38629431311989
0,0,0,6.361302477573,1.38629436111989,6.51323011091231,0.693147180559945,6.7945865808765,5.56452040732269,0,0,2.999999758,1.38629430061989
0,0,0,6.36647044773144,1.38629436111989,5.11198778835654,0.693147180559945,6.79346613258001,5.56068163101553,0,0,2.999999891,1.38629433386989
0,0,0,6.83087423464618,1.79175946922805,4.23410650459726,0.693147180559945,10.2834638978771,9.82552601106642,0,0,1.99999985,1.09861223866811
0.693147180559945,0.693147180559945,0.67113539141166,7.68799716639302,2.56494935746154,4.58496747867057,0.693147180559945,6.17378610390194,5.80814248998044,0,0,44.999999397,3.8286413833804
0,0,0,8.3091845276863,2.56494935746154,2.39789527279837,0.693147180559945,6.16331480403464,5.78689738136671,1,0.04999999955,19.00000018,2.99573228255399
0.693147180559945,0.693147180559945,0.69252063332021,7.55512026688695,2.56494935746154,7.68753876620163,0.693147180559945,6.18620862390049,5.82600010738045,0,0,48.0000008745,3.89182031595757
0,0,0,8.17018565287964,2.56494935746154,6.93244789157251,0.693147180559945,6.16961073249146,5.79605775076537,0,0,18.499999819,2.97041445628765
0.693147180559945,0.693147180559945,0.67113539141166,7.58984151218266,2.56494935746154,7.16239749735572,0.693147180559945,6.18208490671663,5.82008293035236,0,0,45.000001497,3.82864142903257
0,0,0,8.20330402679528,2.56494935746154,6.4281052726846,0.693147180559945,6.16751649088834,5.79301360838414,0,0,18.999999282,2.99573223765399
0,0,0,8.30424746507847,2.56494935746154,4.39444915467244,0.693147180559945,6.1779441140506,5.80211837537706,0,0,28.00000174,3.36729588998647
0,0,0,8.30424746507847,2.56494935746154,4.35670882668959,0.693147180559945,6.16541785423142,5.78996017089725,0,0,19.00000082,2.99573231455399
0,0,0,7.40913644392013,2.07944154167984,3.85014760171006,0.693147180559945,10.287490657345,9.82951803233595,0,0,2.499999975,1.25276296135251
0,0,0,7.40913644392013,2.07944154167984,4.70953020131233,0.693147180559945,10.2875247132307,9.82957186958596,0,0,2.499999975,1.25276296135251
0,1.38629436111989,0.590054673247923,7.11558212618445,2.70805020110221,5.8111409929767,0.559615787935423,10.2876609251767,9.82978718960617,1,0.00873362433820865,113.50000152,4.7405748362694
0,0,0,6.51323011091231,2.30258509299405,5.4553211153577,0.693147180559945,10.2864343492137,9.82844067821322,1,0.133333335208889,6.4999998945,2.0149030064756
0.693147180559945,1.09861228866811,0.583240712701167,7.51024809145643,2.83321334405622,4.53259949315326,0.693147180559945,10.2844891884659,10.1230246082562,1,0.0273972604278614,35.4999997949817,3.5973122549715
0.693147180559945,1.09861228866811,0.589289099570586,7.01241554922536,2.83321334405622,8.79558221695643,0.693147180559945,10.2851038586123,10.1237469486705,0,0,25.9999999921875,3.29583686571498
0.693147180559945,1.09861228866811,0.580778764606711,7.37838371299671,2.83321334405622,8.09651291750159,0.693147180559945,10.2847965707665,10.1233858436853,0,0,36.4999992,3.62434091164303
0.693147180559945,0.693147180559945,0.390061279973626,5.85793315448346,2.56494935746154,6.04973345523196,0.693147180559945,10.2845575038096,10.1231048940738,0,0,19.499999825,3.02042487760778
0.693147180559945,1.79175946922805,0.451518204844301,6.46380918405569,2.56494935746154,5.93753620508243,0.606135803388497,10.2892600272986,10.1278303844258,0,0,170.5000002615,5.14458326813078
0.693147180559945,4.02535169073515,0.623599711562221,4.93447393313069,2.63905732961526,9.34940642009918,0.149035579406642,10.2911620079691,10.1300652005846,0,0,266.499998856,5.58911956205943
0,0.693147180559945,0.684345603571328,6.63134279878859,2.30258509299405,4.95582705760126,0.693147180559945,10.2916369384346,9.83268948122741,1,0.00277008310105432,360.0000001875,5.88887795885227
0,0,0,5.31320597904179,1.6094379124341,5.54907608489522,0.693147180559945,10.2868433750562,9.8288178841991,0,0,3.499999965,1.5040773889985
1.38629436111989,2.83321334405622,0.537282460855266,7.14445360702557,2.99573227355399,7.19743535409659,0.567984037405939,10.2882396190468,10.2074734916944,1,0.00397614316535602,250.49999846911,5.52744298345275
0.693147180559945,2.30258509299405,0.47747845363384,6.77330918242921,2.77258872223978,6.38856140554563,0.53062825106217,10.287252233665,10.1258307836796,1,0.00557103070075496,178.499998064,5.19017519714282
0,0,0,6.89264164117209,1.09861228866811,6.45676965557216,0.693147180559945,10.2912637977732,9.83258213902035,0,0,12.999999888,2.63905732161526
0,0,0,6.59167373200866,2.19722457733622,4.91998092582813,0.693147180559945,10.2840450249381,9.82595835002689,0,0,2.500000048,1.25276298220965
0.693147180559945,2.07944154167984,0.424974535562726,6.69006557835039,2.63905732961526,6.62936325343745,0.559615787935423,10.286707051697,10.1253102318829,0,0,152.5000006075,5.03370057098491
0,0,0,6.90073066404517,1.09861228866811,2.89037175789616,0.693147180559945,10.291195939055,9.83247478528971,0,0,12.999999792,2.63905731475812
0,0.693147180559945,0.680628682611902,6.74641212857337,1.79175946922805,5.00394630594546,0.693147180559945,10.2863320666068,9.82827897493837,0,0,13.4999992,2.67414859425411
0,0,0,6.90073066404517,1.09861228866811,5.09375020080676,0.693147180559945,10.2912298689897,9.83252846359563,0,0,12.999999792,2.63905731475812
0,0,0,6.89871453432999,1.09861228866811,4.98360662170834,0.693147180559945,10.2864002561738,9.82838678002688,0,0,7.99999992,2.19722456844733
0,0,0,6.45047042214418,1.94591014905531,0.693147180559945,0.693147180559945,10.2873203605172,9.82935650319305,0,0,8.000000096,2.19722458800289
0,0,0,6.45047042214418,1.94591014905531,0.693147180559945,0.693147180559945,10.2872862976712,9.82930265434675,0,0,46.999999932,3.87120100949122
0,0,0,6.56667242980324,1.79175946922805,5.53733426701854,0.693147180559945,10.2864002561738,9.82838678002688,0,0,5.50000009,1.87180219074775
0.693147180559945,1.79175946922805,0.429179673135015,6.59600817479325,2.63905732961526,6.01859321449623,0.405465108108164,10.2840108503401,10.1225025932666,0,0,374.499999321573,5.92825846939746
0,0.693147180559945,0.226241499712914,7.04838640872188,2.63905732961526,5.95842469302978,0.693147180559945,10.2861274700023,9.82800941136017,0,0,46.99999975,3.87120100569956
0,0.693147180559945,0.253928366742898,6.98887433026693,2.77258872223978,4.71849887129509,0.693147180559945,10.2874566002994,9.82946419218734,0,0,39.500000155,3.70130197793965
0.693147180559945,1.94591014905531,0.4822465189142,6.42625727038003,2.63905732961526,6.62936325343745,0.45198512347033,10.2858887210457,10.1243885912976,1,0.0124223602665756,79.4999998825234,4.38825718296518
0,0,0,3.76120011569356,1.79175946922805,4.26267987704132,0.693147180559945,7.98854298273769,6.22257626807137,0,0,2.499999999,1.25276296820965
0,0,0,7.54960916515453,2.484906649788,3.17805383034795,0.693147180559945,10.2852745332897,9.82741611558483,1,0.0215053762881258,45.500000121,3.83945231519546
0.693147180559945,1.09861228866811,0.479939924728131,7.77653502818524,2.94443897916644,4.88280192258637,0.693147180559945,10.2856499150745,10.1241079233059,0,0,18.000002415,2.9444391062717
0.693147180559945,1.38629436111989,0.688342138814811,8.38120163220489,2.94443897916644,5.00394630594546,0.693147180559945,10.2862638723896,9.90198642640986,0,0,10.999997592,2.48490644912131
0.693147180559945,1.94591014905531,0.673502333425821,7.23159706551562,2.77258872223978,6.37842618365159,0.6190392083293,6.16120732169508,6.03787091992214,1,0.024390244793224,39.9999985025905,3.71357203018212
0,0.693147180559945,0.667548315133995,6.61405513420479,2.30258509299405,5.79909265446053,0.693147180559945,10.2843183796859,9.82628248162716,0,0,9.4999994245,2.35137520235395
0,0.693147180559945,0.667548315133995,6.61405513420479,2.30258509299405,6.361302477573,0.693147180559945,10.284386706699,9.82639050215116,0,0,9.4999994245,2.35137520235395
0,0,0,7.70255611326858,2.19722457733622,3.25809653802148,0.693147180559945,6.14203740558736,5.75890177387728,0,0,17.5000001275,2.91777073897617
0,0,0,7.71244383427499,2.19722457733622,6.40025744530882,0.693147180559945,6.1463292576689,5.76519110278484,0,0,17.4999997125,2.91777071654374
0,0,0,7.69984240739699,2.19722457733622,4.47733681447821,0.693147180559945,6.14418563412565,5.76205138278018,0,0,17.500000412,2.91777075435455
0,0,0,7.61134771740362,2.63905732961526,0,0.693147180559945,10.2889540141376,9.83064800635917,0,0,18.50000032,2.97041448197996
0,0,0,7.60887062919126,2.63905732961526,3.3322045101752,0.693147180559945,10.2882736494359,9.83000246327365,0,0,30.49999914,3.44998751853
0,0,0,7.47873482556787,2.63905732961526,7.69393732550927,0.693147180559945,10.2884778074549,9.83032528690714,0,0,28.499999893,3.38439025971866
0,0,0,7.44073370738926,2.63905732961526,7.45645455517621,0.693147180559945,10.2884437840128,9.83027149020487,0,0,34.0000007555,3.55534808307513
0,0,0,7.42117752859539,2.63905732961526,7.29437729928882,0.693147180559945,10.288409759413,9.83021769060835,0,0,35.99999962,3.61091790237395
0,0,0,7.47079377419506,2.63905732961526,6.99393297522319,0.693147180559945,10.2883757336555,9.83016388811729,0,0,35.9999999775,3.61091791203612
0,0,0,7.55642796944025,2.63905732961526,6.50578406012823,0.693147180559945,10.2883417067402,9.83011008273135,0,0,36.000000224,3.61091791869828
0,0,0,7.55538194424027,2.63905732961526,5.19295685089021,0.693147180559945,10.288307678667,9.83005627445024,0,0,35.999999925,3.6109179106172
0,0,0,5.94803498918065,2.19722457733622,4.44265125649032,0.693147180559945,10.2851379958783,9.82720028436401,0,0,4.99999991,1.79175945422805
0,0,0,5.79909265446053,2.19722457733622,6.97260625130175,0.693147180559945,10.2852404006845,9.82736216214664,0,0,5.0000000365,1.79175947531139
0,0,0,5.79605775076537,2.19722457733622,6.66568371778241,0.693147180559945,10.2852062669143,9.82730820579731,0,0,4.999999856,1.79175944522805
0,0,0,5.94803498918065,2.19722457733622,5.50533153593236,0.693147180559945,10.2851721319789,9.82725424653654,0,0,4.99999991,1.79175945422805
0,0,0,8.47574600150206,2.77258872223978,1.94591014905531,0.693147180559945,7.98786409608569,7.19593722647557,0,0,5.99999983,1.9459101247696
0.693147180559945,1.09861228866811,0.580778764606711,7.28619171470238,2.83321334405622,8.43250638324904,0.693147180559945,10.2848990105406,10.1235062265028,0,0,36.499999965,3.62434093204303
0,0,0,8.40782465436087,2.77258872223978,6.37331978957701,0.693147180559945,10.2846599680752,9.82671449373021,0,0,15.9999997515,2.83321332943857
0,0.693147180559945,0.692423561811038,7.87568924400813,2.83321334405622,6.59987049921284,0.693147180559945,10.2846258144866,9.8266605024228,0,0,33.500000233,3.54095933079094
0,0,0,7.61775957660851,2.39789527279837,0.693147180559945,0.693147180559945,10.2842500480039,7.2591161280971,0,0,7.0000001875,2.07944156511734
0,0.693147180559945,0.500788876911068,7.42356844425917,2.484906649788,1.94591014905531,0.693147180559945,10.28363485266,7.25488481007734,0,0,12.000000366,2.56494938561538
0,0,0,7.00033446027523,2.39789527279837,7.44716835960004,0.693147180559945,10.2838057782223,7.25841215059531,0,0,2.000000528,1.09861246466809
0,0,0,7.00306545878646,2.39789527279837,7.3132203870903,0.693147180559945,10.283771595447,7.25770767716004,0,0,1.999999764,1.09861221000144
0,0,0,7.13009851012558,2.39789527279837,6.97073007814353,0.693147180559945,10.2837374115032,7.25700270709207,0,0,1.999999872,1.09861224600144
0,0,0,7.1731917424866,2.39789527279837,6.45047042214418,0.693147180559945,10.2837032263908,7.25629723969068,0,0,1.999999457,1.09861210766809
0,0,0,7.17011954344963,2.39789527279837,5.01063529409626,0.693147180559945,10.2836690401098,7.25559127425367,0,0,2.000000154,1.09861234000144
0,0,0,5.94803498918065,2.07944154167984,3.78418963391826,0.693147180559945,10.2873544222029,7.26262860097424,0,0,158.500000012,5.07204392230013
0.693147180559945,1.09861228866811,0.568733534096594,6.60800062529609,2.63905732961526,1.79175946922805,0.510825623965991,10.2835664742539,10.1222615713324,1,0.0555555566358025,16.99999965,2.89037173845172
0.693147180559945,0.693147180559945,0.531069065653846,5.81413053182507,2.70805020110221,4.72738781871234,0.693147180559945,10.2890220251554,10.127590643345,0,0,116.00000026,4.76217393701998
0,0.693147180559945,0.662835363759088,3.8177123259569,2.39789527279837,5.71373280550937,0.693147180559945,10.2917386799096,8.77353938355817,0,0,13.9999999745,2.70805019940221
0.693147180559945,1.6094379124341,0.498725217650686,6.00289892473365,2.39789527279837,7.18387071506245,0.587786664902119,10.2861274700023,10.1246691805368,0,0,32.499999981,3.51154543826386
0.693147180559945,0.693147180559945,0.693147180559945,6.62340099662303,2.484906649788,3.95124371858143,0.693147180559945,6.25958146406492,5.16478597392351,0,0,4.000000032,1.6094379188341
0.693147180559945,1.38629436111989,0.494470402921785,6.51508299267272,2.56494935746154,6.65929391968364,0.693147180559945,10.2842158804119,10.1227435571231,0,0,369.0000001875,5.91350300614503
1.09861228866811,1.09861228866811,0.276718021560532,6.98471632011827,2.77258872223978,5.71373280550937,0.693147180559945,7.986504938554,7.53583046279837,0,0,210.5000010945,5.35422500366127
0.693147180559945,1.09861228866811,0.589289099570586,7.21303165983487,2.83321334405622,8.57565076098781,0.693147180559945,10.2850014398218,10.12362659483,0,0,25.999999596,3.29583685104137
0,0,0,4.969813299576,2.19722457733622,6.49072353450251,0.693147180559945,10.2846941204975,8.76327171401294,0,0,2.000000002,1.09861228933478
0,0,0,7.01211529430638,1.94591014905531,3.3322045101752,0.693147180559945,7.51316354523408,7.51043055637801,0,0,19.000000168,2.99573228195399
0,0,0,5.89715386763674,1.79175946922805,3.3322045101752,0.693147180559945,7.50988306115491,7.50714107972761,0,0,6.000000138,1.9459101687696
0,1.6094379124341,0.633432573616846,6.58202513889283,2.30258509299405,7.15617663748062,0.587786664902119,7.51261754467451,7.50988306115491,0,0,22.9999991375,3.17805379441044
0,0,0,4.63472898822964,2.07944154167984,4.58496747867057,0.693147180559945,10.2853427950052,6.50727771238501,0,0,2.500000008,1.25276297078108
0,0,0,4.62497281328427,2.07944154167984,4.04305126783455,0.693147180559945,10.2853086647299,6.50578406012823,0,0,2.499999975,1.25276296135251
0,0,0,4.46590811865458,2.07944154167984,7.54802896993501,0.693147180559945,10.2854793044587,6.51323011091231,0,0,1.500000003,0.916290733074155
0,0,0,4.46590811865458,2.07944154167984,7.51588908521513,0.693147180559945,10.2854110520613,6.51025834052315,0,0,2.500000005,1.25276296992394
0,0,0,4.45434729625351,2.07944154167984,7.72621265050753,0.693147180559945,10.2855134289105,6.51471269087253,0,0,1.500000015,0.916290737874155
0,0,0,4.46590811865458,2.07944154167984,7.54802896993501,0.693147180559945,10.2854451788423,6.51174532964473,0,0,1.500000003,0.916290733074155
0,0,0,4.60517018598809,2.07944154167984,6.61873898351722,0.693147180559945,10.2853769241156,6.50876913697168,0,0,2.499999975,1.25276296135251
0,0,0,7.72400465667607,2.77258872223978,4.17438726989564,0.693147180559945,10.2890560289298,6.51619307604296,0,0,5.500000072,1.87180218797851
0,0,0,7.41397029019044,2.19722457733622,2.56494935746154,0.693147180559945,5.8805329864007,4.02535169073515,1,0.142857137877551,6.000000244,1.94591018391246
0,0,0,7.08590146436561,2.19722457733622,7.27655640271871,0.693147180559945,5.86929691313377,3.95124371858143,0,0,5.999999847,1.94591012719817
0,0,0,7.38336814699238,2.19722457733622,6.95749737087695,0.693147180559945,5.87211778947542,3.97029191355212,0,0,5.999999544,1.94591008391245
0,0,0,7.38647084882989,2.19722457733622,6.42324696353352,0.693147180559945,5.87493073085203,3.98898404656427,0,0,6.000000301,1.94591019205531
0,0,0,7.39817409297047,2.19722457733622,4.75359019110636,0.693147180559945,5.87773578177964,4.00733318523247,0,0,5.999999856,1.94591012848388
0,0,0,7.41095187558364,2.19722457733622,4.58496747867057,0.693147180559945,7.98752447984877,3.76120011569356,0,0,33.999999939,3.55534805974656
0,0,0,7.07496319796604,2.30258509299405,4.24849524204936,0.693147180559945,10.2873884827285,6.51323011091231,0,0,2.99999982,1.38629431611989
0,0.693147180559945,0.688675226260974,6.57298159899651,2.39789527279837,4.35670882668959,0.693147180559945,10.2913316518869,6.5206211275587,0,0,4.499999595,1.70474801860206
0,0,0,7.69621263934641,2.19722457733622,0.693147180559945,0.693147180559945,7.98718474823347,3.73766961828337,0,0,9.0000001305,2.30258510604405
0,0,0,7.69211333959547,2.19722457733622,1.38629436111989,0.693147180559945,7.98684490116138,3.71357206670431,1,0.0238095240419501,40.99999959,3.73766960852146
0,0,0,5.71373280550937,2.07944154167984,4.89034912822175,0.693147180559945,6.1779441140506,1.6094379124341,0,0,17.000000082,2.89037176245172
0,0,0,6.87005341179813,2.19722457733622,4.74493212836325,0.693147180559945,10.2842158804119,9.82617444943346,0,0,2.999999886,1.38629433261989
0,0,0,5.70044357339069,1.09861228866811,3.76120011569356,0.693147180559945,10.4981118982374,4.62497281328427,0,0,14.000000068,2.70805020563554
0,0,0,5.70044357339069,1.09861228866811,4.91998092582813,0.693147180559945,10.498139486347,4.63472898822964,0,0,14.000000068,2.70805020563554
0,0,0,3.93182563272433,0.693147180559945,0,0.693147180559945,10.2917386799096,1.6094379124341,0,0,0,0
